1.404452968     5.245873547     1.837372773     0
5.387339788     1.17732423      4.614529191     0
0.076802718     6.392766731     5.47533592      0
8.03444819      8.428946501     2.79686015      1
6.819849625     9.856441312     2.223390813     1
6.349264617     8.241073305     7.69419678      1
9.461018745     8.778360945     4.396114041     1
5.335656383     3.594602658     4.705971668     0
4.574793894     1.164104747     4.785991486     0
1.249433525     2.799915536     0.083745191     0
2.544793179     4.52708341      2.599443658     0
2.559164041     5.663319826     1.5772764       0
3.78806948      4.743631978     9.322924946     1
9.335000824     1.15635798      8.704986743     1
5.056614863     3.127836277     0.593343013     0
6.735938162     5.761962762     0.349551303     0
4.176945926     3.899209973     6.254416319     0
2.428929701     6.631859948     3.609822185     0
7.257581545     8.82162282      9.270982146     1
8.723901644     9.551317848     5.605859313     1
7.200848319     1.644611151     3.839386074     0
3.990434216     2.167702503     1.119548679     0
2.09682175      4.999675512     3.926471557     0
0.157365863     7.603412099     5.223498987     0
5.511901771     4.500564209     2.154367589     0
8.602772281     9.939844393     1.325058409     1
8.061304588     2.185625622     7.142499695     1
2.206042098     7.652713347     9.411052646     1
6.525712692     1.137618494     4.664503897     0
6.372762731     9.016046845     8.709338402     1
3.295359048     5.834483687     2.577564351     0
7.165140371     0.956849288     9.330127491     1
6.993198136     2.31216041      9.840652873     1
1.227705677     9.410722583     4.819761728     1
9.039515797     9.197914067     4.82732048      1
8.236682437     4.571484314     8.660719504     1
5.477361054     5.276177222     9.449763101     1
6.132655763     0.925522032     1.665142459     0
8.027575397     0.931240632     7.827514447     1
0.54944224      8.185512959     2.036036484     0
0.01499901      9.418546405     1.657513102     0
7.886327647     3.737092546     4.099165231     1
5.026888913     1.189281431     2.046204364     0
6.125515828     0.80421293      0.288454701     0
9.724245832     3.931582532     4.185318424     1
4.737364068     7.76577795      9.818512471     1
0.249056237     8.094570525     8.89040058      1
7.363874502     2.724751711     1.899820363     0
9.981659029     1.986596124     2.473806191     0
