4.614324301     9.392229595     3.200124689     1
0.537840593     4.245729713     9.424786218     0
2.93871855      3.268150925     8.623507512     0
3.58054573      6.652884163     0.088633972     0
2.587506601     4.015594165     9.263562929     1
9.564796198     7.976735304     1.63068934      1
7.113273403     1.571357395     4.414246614     0
4.429264452     1.919452566     3.056920315     0
4.127688464     0.141671149     3.465625438     0
8.020692695     3.336225893     7.187767378     1
3.176692018     0.405574274     5.258218439     0
3.076561771     7.026424191     8.625252481     1
0.717886408     2.475678338     5.750228086     0
5.10330331      1.655081952     6.673115892     0
8.784444432     4.142031883     1.008394217     0
5.552870659     6.856011979     5.006919046     1
5.065217103     7.610436345     4.208609988     1
4.871963129     9.663156413     3.97239777      1
5.031771077     9.137021518     6.801599524     1
0.62219401      2.680639373     8.672555737     0
5.283166856     8.094959804     2.713501446     1
1.410967915     9.229161148     1.704909113     0
6.025664443     0.163764659     0.445988814     0
2.169416932     7.956962393     7.440932235     1
9.508749526     7.542367467     5.704166748     1
2.734905777     1.622908032     0.693048654     0
8.544099974     3.719112121     7.513407106     1
1.284459171     6.786787158     5.149950399     0
9.776135987     3.544801579     5.609579242     1
3.791002467     3.548503284     1.964021545     0
0.768861568     3.102734186     4.065713697     0
1.487491724     0.769488201     9.256894112     0
4.070340958     6.93181893      9.506979004     1
0.154068996     5.224879164     5.651541857     0
5.905848452     3.450918013     3.579075627     0
2.215002801     5.655779997     7.52862407      1
0.730266032     4.055969077     5.785570471     0
2.200861207     6.771187273     1.943479452     0
9.024965165     6.296152331     6.625314685     1
9.328792434     0.183761886     6.838757238     1
5.548103076     0.033582506     1.927063776     0
7.806618314     0.911732177     6.234984613     0
5.897155542     8.077846708     4.645784998     1
8.367732336     1.612544275     8.910590433     1
3.021911572     0.30682107      5.402995239     0
4.929516874     4.898487848     0.162424891     0
7.288129292     8.83104612      1.81721125      1
8.94495321      0.498744005     0.278146847     0
3.793453711     7.622161314     9.359533745     1
