0.274 0.69 0 
0.308 0.772 0 
0.384 0.834 0 
0.426 0.846 0 
0.534 0.872 0 
0.58 0.864 0 
0.76 0.834 0 
0.686 0.85 0 
0.77 0.782 0 
0.786 0.686 0 
0.784 0.612 0 
0.76 0.546 0 
0.764 0.486 0 
0.718 0.47 0 
0.222 0.656 0 
0.276 0.732 0 
0.806 0.632 0 
0.828 0.702 0 
0.812 0.76 0 
0.794 0.834 0 
0.742 0.864 0 
0.672 0.908 0 
0.61 0.908 0 
0.508 0.916 0 
0.462 0.912 0 
0.38 0.884 0 
0.352 0.842 0 
0.306 0.804 0 
0.27 0.774 0 
0.23 0.72 0 
0.214 0.688 0 
0.218 0.736 0 
0.258 0.794 0 
0.296 0.854 0 
0.334 0.886 0 
0.42 0.918 0 
0.432 0.888 0 
0.486 0.888 0 
0.57 0.918 0 
0.638 0.898 0 
0.642 0.872 0 
0.666 0.842 0 
0.702 0.882 0 
0.736 0.832 0 
0.74 0.804 0 
0.816 0.72 0 
0.772 0.744 0 
0.824 0.798 0 
0.76 0.67 0 
0.766 0.61 0 
0.722 0.554 0 
0.728 0.506 0 
0.768 0.45 0 
0.808 0.496 0 
0.794 0.522 0 
0.842 0.576 0 
0.81 0.578 0 
0.864 0.638 0 
0.84 0.724 0 
0.85 0.764 0 
0.446 0.71 1 
0.38 0.652 1 
0.394 0.6 1 
0.398 0.562 1 
0.358 0.528 1 
0.35 0.504 1 
0.346 0.46 1 
0.408 0.434 1 
0.454 0.43 1 
0.492 0.444 1 
0.538 0.484 1 
0.56 0.516 1 
0.588 0.572 1 
0.596 0.63 1 
0.59 0.68 1 
0.546 0.716 1 
0.476 0.698 1 
0.454 0.634 1 
0.454 0.576 1 
0.422 0.534 1 
0.414 0.508 1 
0.466 0.482 1 
0.498 0.508 1 
0.504 0.556 1 
0.462 0.54 1 
0.528 0.546 1 
0.538 0.602 1 
0.506 0.624 1 
0.52 0.66 1 
0.56 0.66 1 
0.432 0.668 1 
0.42 0.552 1 
0.382 0.474 1 
0.358 0.578 1 
0.324 0.46 1 
0.3 0.424 1 
0.288 0.372 1 
0.316 0.326 1 
0.356 0.322 1 
0.436 0.332 1 
0.494 0.366 1 
0.534 0.418 1 
0.478 0.418 1 
0.396 0.378 1 
0.356 0.374 1 
0.334 0.402 1 
0.356 0.422 1 
0.396 0.406 1 
0.46 0.388 1 
0.41 0.362 1 
0.446 0.456 1 
0.426 0.49 1 
0.366 0.528 1 
0.446 0.61 1 
0.49 0.608 1 
0.538 0.578 1 
0.552 0.616 1 
0.466 0.654 1 
0.524 0.68 1 
0.504 0.71 1 
0.504 0.434 1 
0.514 0.47 1 
0.488 0.382 1 
0.436 0.382 1 
0.436 0.412 1 
0.402 0.47 1 
0.38 0.358 1 
0.398 0.33 1 
0.298 0.36 1 
0.338 0.364 1 
0.182 0.536 2 
0.144 0.436 2 
0.16 0.364 2 
0.172 0.322 2 
0.216 0.256 2 
0.238 0.246 2 
0.254 0.236 2 
0.298 0.226 2 
0.356 0.208 2 
0.44 0.192 2 
0.486 0.19 2 
0.528 0.206 2 
0.57 0.24 2 
0.6 0.256 2 
0.624 0.27 2 
0.644 0.288 2 
0.656 0.308 2 
0.568 0.282 2 
0.634 0.31 2 
0.598 0.22 2 
0.566 0.192 2 
0.474 0.158 2 
0.458 0.168 2 
0.52 0.228 2 
0.518 0.26 2 
0.39 0.194 2 
0.38 0.16 2 
0.438 0.16 2 
0.48 0.232 2 
0.392 0.232 2 
0.338 0.212 2 
0.322 0.176 2 
0.354 0.166 2 
0.252 0.17 2 
0.236 0.194 2 
0.276 0.236 2 
0.332 0.248 2 
0.41 0.236 2 
0.39 0.216 2 
0.28 0.23 2 
0.24 0.254 2 
0.158 0.226 2 
0.182 0.206 2 
0.132 0.246 2 
0.132 0.288 2 
0.128 0.352 2 
0.108 0.386 2 
0.102 0.352 2 
0.094 0.328 2 
0.098 0.41 2 
0.102 0.434 2 
0.114 0.516 2 
0.144 0.552 2 
0.14 0.466 2 
0.128 0.364 2 
0.142 0.308 2 
0.18 0.284 2 
0.192 0.234 2 
0.168 0.3 2 
0.162 0.408 2 
0.158 0.5 2 
0.158 0.522 2 
0.108 0.47 2 
0.098 0.446 2 
0.094 0.422 2 
0.134 0.244 2 
0.4 0.166 2 
0.468 0.184 2 
0.548 0.192 2 
0.63 0.214 2 
0.674 0.24 2 
0.698 0.286 2 
0.608 0.242 2 
0.436 0.188 2 
0.316 0.194 2 
0.256 0.204 2 
0.168 0.218 2 
0.1 0.306 2 
0.1 0.35 2 
0.116 0.34 2 
