0.0 0.333333333333 -0.655172413793 -1.0 1.0 -0.333333333333 -0.25 -0.2 -0.75 1.0
1.0 1.0 -0.655172413793 -1.0 1.0 -0.888888888889 0.25 -0.6 -1.0 0.0
0.0 0.333333333333 -0.586206896552 -1.0 1.0 1.0 -0.25 -0.2 -0.75 1.0
-0.5 -0.333333333333 -0.862068965517 -0.333333333333 1.0 -0.333333333333 -0.25 -0.6 -1.0 0.0
0.0 0.333333333333 -0.655172413793 -0.333333333333 1.0 -0.333333333333 -0.5 -0.2 -1.0 0.0
1.0 1.0 -0.862068965517 -1.0 1.0 1.0 0.5 -0.6 -0.5 1.0
0.0 1.0 0.172413793103 -1.0 1.0 -0.333333333333 -0.25 -0.6 -1.0 1.0
0.0 1.0 -0.862068965517 -1.0 1.0 1.0 0.0 -0.2 -0.75 0.0
-0.5 -0.333333333333 1.0 -1.0 1.0 0.555555555556 0.5 0.2 -1.0 0.0
0.0 -1.0 -0.586206896552 -1.0 1.0 1.0 0.0 -0.2 -0.75 0.0
0.5 1.0 0.172413793103 -1.0 1.0 -0.888888888889 0.25 -0.2 -0.75 1.0
0.0 1.0 -0.310344827586 -1.0 1.0 1.0 -0.25 -0.2 -1.0 1.0
1.0 1.0 -0.379310344828 -1.0 1.0 -0.333333333333 0.0 -0.2 -0.25 1.0
0.0 0.333333333333 0.172413793103 -0.333333333333 1.0 -0.888888888889 -0.25 -0.6 -1.0 0.0
0.0 -0.333333333333 -0.724137931034 -0.333333333333 1.0 -0.333333333333 0.75 -0.6 -1.0 0.0
-0.5 1.0 -0.724137931034 -0.333333333333 1.0 -0.888888888889 0.25 0.2 -1.0 0.0
0.0 -0.333333333333 -0.586206896552 -1.0 1.0 1.0 -0.5 -0.6 -1.0 1.0
0.5 1.0 -0.655172413793 -1.0 1.0 -0.888888888889 0.0 -0.2 -1.0 1.0
-0.5 -1.0 0.172413793103 -1.0 1.0 1.0 -0.5 -0.2 -0.75 0.0
1.0 1.0 0.172413793103 -1.0 1.0 -0.888888888889 0.25 -0.2 -1.0 1.0
0.0 0.333333333333 -0.862068965517 -1.0 1.0 1.0 -0.25 -0.2 -1.0 1.0
-0.5 -1.0 0.172413793103 -1.0 1.0 -0.888888888889 -0.25 -0.6 -1.0 1.0
-0.5 -0.333333333333 -0.172413793103 -0.333333333333 0.666666666667 1.0 -0.5 -0.6 -1.0 1.0
0.5 1.0 -0.862068965517 -1.0 -1.0 1.0 0.0 0.2 -1.0 1.0
0.0 -0.333333333333 -0.655172413793 -1.0 1.0 1.0 0.0 -0.6 -1.0 1.0
-0.5 1.0 -0.724137931034 -0.333333333333 1.0 -0.333333333333 -0.25 -0.2 -0.75 1.0
-0.5 -0.333333333333 -0.862068965517 -1.0 0.666666666667 0.222222222222 -0.5 0.6 0.25 0.0
0.0 0.333333333333 0.172413793103 -0.333333333333 1.0 -0.777777777778 -0.25 -0.2 -0.5 1.0
0.0 1.0 0.172413793103 -1.0 -1.0 1.0 -0.25 -0.6 -1.0 1.0
0.0 1.0 -0.724137931034 -1.0 1.0 -0.888888888889 -0.25 -0.6 -1.0 1.0
1.0 1.0 -0.655172413793 -1.0 0.666666666667 1.0 0.0 -0.2 -0.5 0.0
-0.5 -0.333333333333 1.0 -1.0 1.0 1.0 -0.25 -1.0 -1.0 0.0
0.5 1.0 -0.655172413793 -0.333333333333 1.0 -0.333333333333 0.0 -0.6 -1.0 1.0
0.0 -0.333333333333 -0.655172413793 -1.0 1.0 -0.222222222222 0.0 -0.6 -1.0 1.0
-0.5 -0.333333333333 1.0 -1.0 1.0 1.0 -0.25 -0.2 -1.0 0.0
-0.5 1.0 -1.0 -1.0 1.0 -0.333333333333 -0.5 -0.2 -1.0 1.0
1.0 1.0 -0.793103448276 -1.0 1.0 -0.333333333333 -0.25 -0.2 -1.0 1.0
0.0 1.0 0.172413793103 -1.0 1.0 -0.888888888889 -0.25 -0.2 -0.5 0.0
0.0 0.333333333333 -0.862068965517 -1.0 1.0 1.0 -0.25 -0.6 -1.0 1.0
-0.5 1.0 -0.655172413793 -0.333333333333 -0.333333333333 0.222222222222 0.0 1.0 0.0 0.0
-0.5 -0.333333333333 -0.724137931034 -1.0 1.0 -0.888888888889 -0.75 0.2 -1.0 0.0
-1.0 -0.333333333333 0.172413793103 -1.0 0.666666666667 1.0 -0.5 -0.2 -0.75 0.0
-0.5 -1.0 0.172413793103 -1.0 -1.0 1.0 -0.25 -0.2 -1.0 1.0
-0.5 -0.333333333333 -0.172413793103 -1.0 1.0 -0.888888888889 -0.25 -0.2 -1.0 1.0
0.0 1.0 0.172413793103 -1.0 1.0 1.0 -0.25 -0.2 -1.0 1.0
-0.5 -0.333333333333 -1.0 -1.0 1.0 0.0 -0.25 -0.6 -1.0 1.0
0.0 0.333333333333 0.655172413793 -1.0 0.666666666667 1.0 -0.75 -0.2 -0.75 0.0
-0.5 0.333333333333 0.172413793103 -0.333333333333 1.0 -0.333333333333 -0.25 -0.6 -1.0 1.0
0.0 0.333333333333 -0.310344827586 -1.0 0.333333333333 1.0 0.0 0.2 -1.0 0.0
0.5 1.0 -1.0 -1.0 -1.0 1.0 -0.75 -0.2 -0.75 0.0
-1.0 -1.0 0.172413793103 0.333333333333 0.666666666667 0.888888888889 -0.5 -0.2 -0.25 0.0
-0.5 -0.333333333333 -0.724137931034 -0.333333333333 0.666666666667 -0.888888888889 -0.5 -1.0 -1.0 1.0
0.5 1.0 -0.931034482759 -1.0 -1.0 1.0 0.0 0.2 0.75 0.0
1.0 1.0 -0.724137931034 -1.0 1.0 -0.777777777778 0.5 0.2 -1.0 1.0
1.0 0.333333333333 -0.655172413793 -1.0 1.0 1.0 0.25 -0.6 -1.0 1.0
0.0 0.333333333333 0.655172413793 -1.0 0.333333333333 0.777777777778 -0.75 0.2 0.0 0.0
-0.5 -1.0 0.172413793103 -1.0 0.666666666667 1.0 -0.25 -0.6 -1.0 0.0
-0.5 0.333333333333 0.172413793103 -0.333333333333 1.0 -0.888888888889 -0.25 -0.6 -1.0 1.0
1.0 1.0 -0.655172413793 -1.0 1.0 1.0 0.5 0.2 -0.75 1.0
1.0 1.0 -0.931034482759 -1.0 1.0 1.0 0.5 -0.2 -1.0 0.0
0.0 1.0 -1.0 -1.0 1.0 1.0 0.5 -0.6 -1.0 0.0
-0.5 0.333333333333 -0.379310344828 -1.0 0.666666666667 -0.333333333333 -0.25 -0.6 -1.0 1.0
-0.5 -0.333333333333 -0.931034482759 -1.0 1.0 -0.888888888889 -0.5 -0.2 -1.0 1.0
-0.5 -0.333333333333 0.172413793103 -1.0 1.0 -0.333333333333 -0.25 -0.6 -1.0 1.0
0.0 1.0 -1.0 -1.0 0.333333333333 -0.888888888889 -0.75 -0.2 -1.0 0.0
0.5 1.0 -0.655172413793 -1.0 1.0 1.0 0.25 -0.2 -0.5 0.0
-1.0 -1.0 0.172413793103 -1.0 1.0 -0.333333333333 -0.5 -0.6 -0.75 1.0
0.0 1.0 0.172413793103 -1.0 1.0 1.0 -0.25 -0.2 -1.0 1.0
0.0 1.0 -0.655172413793 -1.0 1.0 1.0 0.25 0.2 -1.0 1.0
-0.5 -0.333333333333 0.172413793103 -1.0 1.0 -0.333333333333 0.0 -0.2 -0.5 0.0
0.5 1.0 -0.862068965517 0.333333333333 1.0 -0.888888888889 0.25 -0.2 -1.0 1.0
-0.5 -1.0 0.172413793103 -1.0 -1.0 0.222222222222 -0.5 -0.2 -0.75 0.0
0.5 1.0 0.931034482759 -0.333333333333 1.0 -0.888888888889 0.0 -0.2 0.25 0.0
-0.5 -0.333333333333 0.172413793103 -1.0 1.0 -0.888888888889 -0.5 0.6 -0.75 0.0
0.0 0.333333333333 -1.0 -1.0 1.0 -1.0 0.5 -0.2 -1.0 1.0
0.0 1.0 0.172413793103 -1.0 1.0 -0.888888888889 0.0 -0.6 -1.0 1.0
0.0 1.0 -0.655172413793 -1.0 1.0 -0.777777777778 0.0 -0.6 -1.0 1.0
1.0 1.0 -0.931034482759 -1.0 1.0 -0.888888888889 0.5 -0.2 -1.0 1.0
-1.0 -1.0 0.172413793103 -1.0 1.0 -0.222222222222 0.5 -0.2 0.5 0.0
0.0 1.0 -0.862068965517 -1.0 1.0 1.0 -0.25 -0.2 -1.0 1.0
0.0 0.333333333333 -1.0 -1.0 1.0 1.0 -0.25 -0.6 -1.0 1.0
0.0 1.0 -0.379310344828 -0.333333333333 1.0 0.888888888889 0.5 -0.2 -0.75 1.0
0.0 -0.333333333333 -0.655172413793 -1.0 1.0 1.0 0.0 -0.6 -1.0 0.0
-0.5 -0.333333333333 1.0 -0.333333333333 1.0 -0.333333333333 -0.25 0.2 0.5 0.0
1.0 -0.333333333333 -0.655172413793 -0.333333333333 1.0 -0.333333333333 0.75 -1.0 -1.0 1.0
1.0 -0.333333333333 0.172413793103 -1.0 -1.0 1.0 0.25 -0.2 -1.0 1.0
0.5 1.0 -0.655172413793 -1.0 1.0 -0.888888888889 0.0 -0.6 -0.75 1.0
0.0 -0.333333333333 -0.655172413793 -1.0 1.0 -0.333333333333 0.0 -0.6 -1.0 1.0
1.0 1.0 -0.862068965517 -0.333333333333 1.0 -0.777777777778 0.0 0.2 -1.0 0.0
-0.5 -1.0 -0.724137931034 -0.333333333333 1.0 -0.888888888889 -0.5 0.2 0.0 0.0
0.0 1.0 -1.0 -1.0 1.0 1.0 -0.25 -0.2 0.0 0.0
0.0 0.333333333333 -0.655172413793 -1.0 1.0 1.0 0.0 -0.6 -1.0 1.0
-0.5 -1.0 0.172413793103 -1.0 1.0 1.0 -0.5 -0.2 -0.75 0.0
-0.5 -0.333333333333 1.0 -1.0 1.0 1.0 -0.25 -0.2 -1.0 0.0
-0.5 -0.333333333333 1.0 -1.0 0.333333333333 1.0 -0.5 -0.6 -1.0 0.0
0.5 1.0 -0.655172413793 -1.0 1.0 1.0 0.0 -0.6 -1.0 1.0
-0.5 -1.0 0.172413793103 -1.0 1.0 -0.333333333333 -0.5 -0.6 -0.75 1.0
0.0 -1.0 -1.0 -0.333333333333 1.0 -0.333333333333 0.0 -0.6 -1.0 1.0
-0.5 -0.333333333333 1.0 -1.0 1.0 -0.333333333333 -0.5 -0.6 -1.0 1.0
-0.5 -0.333333333333 -0.655172413793 -1.0 1.0 -0.333333333333 -0.25 -0.6 -0.75 1.0
0.0 0.333333333333 -0.862068965517 -1.0 0.666666666667 1.0 -0.25 0.2 0.0 0.0
0.0 0.333333333333 -0.379310344828 -1.0 1.0 -0.888888888889 -0.25 -0.2 -0.75 0.0
0.0 1.0 -0.931034482759 -1.0 1.0 -0.888888888889 0.0 -0.6 -0.75 1.0
0.5 0.333333333333 -0.655172413793 -1.0 1.0 -0.888888888889 -0.5 -0.2 -0.75 0.0
0.0 1.0 -1.0 -1.0 0.666666666667 -0.333333333333 -0.5 0.6 -1.0 0.0
-1.0 -1.0 -0.241379310345 -1.0 1.0 -0.222222222222 -0.5 -0.2 -1.0 0.0
0.0 1.0 -1.0 -1.0 1.0 -0.888888888889 -0.25 -0.2 -1.0 0.0
-0.5 0.333333333333 -1.0 -1.0 1.0 0.888888888889 -0.25 -0.6 -1.0 1.0
1.0 1.0 -0.655172413793 -1.0 1.0 1.0 0.0 0.2 0.0 0.0
0.5 1.0 -0.655172413793 -1.0 1.0 -0.888888888889 0.5 -0.6 -1.0 1.0
0.5 1.0 -0.862068965517 -0.333333333333 1.0 -0.333333333333 0.0 -0.6 -0.75 1.0
-0.5 -0.333333333333 0.172413793103 -1.0 0.666666666667 1.0 0.0 -0.2 -0.5 0.0
-1.0 -1.0 0.172413793103 -0.333333333333 1.0 -0.888888888889 -0.25 -0.6 -0.5 0.0
0.0 1.0 -1.0 -1.0 1.0 1.0 -0.5 -0.2 -1.0 1.0
1.0 1.0 -0.51724137931 -0.333333333333 0.666666666667 -0.333333333333 0.0 -0.2 0.0 1.0
0.0 1.0 -0.793103448276 -1.0 1.0 1.0 0.0 -0.2 -0.25 0.0
-0.5 1.0 -0.724137931034 -0.333333333333 1.0 1.0 0.0 -0.2 -0.75 1.0
0.0 1.0 -0.862068965517 -1.0 1.0 -0.888888888889 -0.75 0.2 0.0 0.0
0.0 0.333333333333 -0.379310344828 -1.0 1.0 -0.333333333333 -0.25 -0.6 -1.0 1.0
-0.5 -1.0 -0.862068965517 -1.0 0.666666666667 -0.888888888889 -0.25 0.2 -0.5 0.0
0.0 -0.333333333333 -0.379310344828 -1.0 1.0 1.0 -0.25 -0.2 -1.0 1.0
-0.5 -0.333333333333 -0.724137931034 -0.333333333333 0.666666666667 -0.888888888889 -0.5 -0.6 -0.75 1.0
0.5 1.0 -0.655172413793 -1.0 1.0 1.0 0.0 -0.2 -0.75 0.0
0.0 0.333333333333 0.655172413793 -0.333333333333 0.333333333333 0.111111111111 0.25 0.2 -1.0 0.0
0.0 1.0 -0.655172413793 -1.0 1.0 -0.333333333333 -0.25 -0.2 -1.0 0.0
0.0 1.0 -0.172413793103 -1.0 0.666666666667 -0.888888888889 0.0 -0.2 -1.0 1.0
0.0 1.0 -0.655172413793 -1.0 1.0 1.0 0.25 -0.2 0.0 0.0
0.0 -0.333333333333 -0.655172413793 -1.0 1.0 -0.888888888889 -0.75 -0.2 -1.0 0.0
1.0 1.0 -0.379310344828 -1.0 1.0 0.888888888889 0.25 -0.2 -0.75 1.0
0.0 0.333333333333 0.172413793103 -0.333333333333 1.0 -0.333333333333 0.0 -0.6 -0.75 1.0
0.0 1.0 -0.931034482759 -1.0 1.0 -0.666666666667 0.5 0.2 -1.0 1.0
-0.5 1.0 -0.862068965517 -0.333333333333 1.0 -0.888888888889 -0.25 0.2 0.25 1.0
0.0 1.0 -0.724137931034 -1.0 1.0 -0.888888888889 0.0 -0.2 -0.75 1.0
-0.5 -1.0 -0.655172413793 -1.0 1.0 -0.888888888889 -0.5 -0.6 -1.0 1.0
1.0 1.0 -0.655172413793 -1.0 1.0 1.0 0.75 -0.6 -1.0 1.0
1.0 1.0 -1.0 -1.0 1.0 1.0 -0.5 -0.2 0.0 0.0
-0.5 0.333333333333 0.172413793103 -0.333333333333 1.0 -0.888888888889 -0.25 -0.2 -0.75 1.0
-0.5 -1.0 -0.655172413793 -1.0 0.666666666667 1.0 0.25 -0.2 -0.75 0.0
0.5 1.0 -0.655172413793 -1.0 1.0 1.0 0.0 0.2 -0.25 0.0
0.5 1.0 -0.655172413793 -0.333333333333 1.0 -0.888888888889 -0.25 -0.2 0.25 0.0
-0.5 -1.0 -0.862068965517 -1.0 1.0 -0.333333333333 -0.5 -0.6 -0.75 1.0
0.0 1.0 0.172413793103 -0.333333333333 1.0 -0.777777777778 0.0 -0.6 -1.0 1.0
-0.5 0.333333333333 0.172413793103 -0.333333333333 -1.0 -0.333333333333 -0.25 -0.2 -1.0 1.0
-0.5 -0.333333333333 -0.724137931034 -1.0 1.0 -0.333333333333 -0.5 -0.2 -0.75 0.0
-0.5 0.333333333333 0.172413793103 -1.0 1.0 1.0 0.5 -0.2 -0.75 0.0
0.0 0.333333333333 0.655172413793 -0.333333333333 0.666666666667 -0.333333333333 -0.75 -0.6 -1.0 0.0
-0.5 -0.333333333333 1.0 -1.0 0.666666666667 1.0 -0.5 0.2 -1.0 0.0
0.0 1.0 -0.724137931034 -0.333333333333 1.0 -0.888888888889 -0.25 -0.2 0.25 0.0
1.0 1.0 -0.862068965517 -1.0 1.0 -0.777777777778 0.5 -0.6 -1.0 1.0
1.0 1.0 -0.655172413793 -0.333333333333 1.0 -0.888888888889 0.25 0.2 1.0 0.0
0.0 0.333333333333 -1.0 -1.0 1.0 1.0 0.0 -0.2 -1.0 1.0
-0.5 -0.333333333333 1.0 -1.0 1.0 -0.333333333333 -0.25 -0.6 -1.0 0.0
-0.5 1.0 -0.862068965517 -1.0 1.0 1.0 -0.5 -0.2 -0.75 0.0
-0.5 -0.333333333333 1.0 -1.0 1.0 1.0 -0.5 -0.2 0.25 0.0
1.0 1.0 -0.586206896552 -1.0 1.0 -0.888888888889 0.0 -0.2 -1.0 0.0
0.5 -0.333333333333 -0.379310344828 -1.0 1.0 -0.333333333333 0.75 -0.2 -1.0 1.0
0.0 -0.333333333333 -0.931034482759 -1.0 1.0 -0.888888888889 -0.25 -0.6 -0.75 1.0
0.0 1.0 -0.655172413793 -1.0 1.0 -0.888888888889 0.0 -0.2 -0.75 1.0
0.0 1.0 -0.931034482759 -1.0 1.0 -0.888888888889 0.0 0.2 -0.75 1.0
0.5 1.0 -0.862068965517 -1.0 0.666666666667 1.0 -0.25 -0.2 -0.75 0.0
0.0 -0.333333333333 0.172413793103 -1.0 1.0 -0.888888888889 -0.25 -0.2 -1.0 0.0
0.0 1.0 -1.0 -1.0 1.0 -0.333333333333 -0.75 0.2 -0.75 0.0
0.0 1.0 -0.793103448276 -1.0 1.0 -0.888888888889 0.25 -0.2 -1.0 1.0
0.0 1.0 0.172413793103 -1.0 0.666666666667 1.0 0.0 -0.2 -0.75 1.0
0.5 1.0 0.172413793103 -1.0 1.0 1.0 0.25 -0.6 -0.75 0.0
0.0 0.333333333333 0.655172413793 -1.0 0.666666666667 -0.777777777778 0.75 0.2 -1.0 0.0
0.0 0.333333333333 -0.655172413793 -1.0 1.0 1.0 0.0 -0.2 -0.5 1.0
0.0 0.333333333333 0.655172413793 -1.0 1.0 1.0 -0.5 -0.2 -0.25 0.0
0.0 -0.333333333333 -0.724137931034 -1.0 1.0 -0.888888888889 -0.25 0.2 -0.5 0.0
0.0 0.333333333333 -0.655172413793 -1.0 1.0 -0.888888888889 -0.25 -0.2 -0.75 1.0
0.0 1.0 -1.0 -1.0 0.333333333333 -0.888888888889 -0.75 -0.2 -0.5 0.0
-0.5 -1.0 -0.172413793103 -1.0 0.333333333333 1.0 -0.5 -0.2 -1.0 1.0
0.0 1.0 -1.0 -1.0 1.0 1.0 0.0 0.6 -1.0 1.0
-0.5 -0.333333333333 -0.655172413793 -1.0 1.0 -0.888888888889 -0.5 -0.2 -0.75 0.0
-0.5 0.333333333333 0.172413793103 -0.333333333333 1.0 -0.888888888889 0.0 -0.6 -1.0 1.0
1.0 1.0 0.172413793103 -1.0 0.666666666667 -0.888888888889 0.5 -0.6 -1.0 1.0
0.0 0.333333333333 -1.0 -1.0 1.0 -0.777777777778 0.25 -0.6 -1.0 1.0
1.0 1.0 -0.379310344828 -0.333333333333 1.0 -0.777777777778 -0.25 -0.2 -1.0 1.0
-0.5 -1.0 0.172413793103 -1.0 1.0 1.0 -0.5 -0.2 -0.75 0.0
0.0 0.333333333333 -0.655172413793 -1.0 1.0 0.555555555556 0.25 -0.6 -1.0 1.0
0.5 1.0 -0.793103448276 -0.333333333333 1.0 -0.333333333333 0.0 -0.2 -0.5 0.0
0.0 1.0 -0.724137931034 -1.0 1.0 -0.333333333333 -0.25 -0.6 -1.0 1.0
0.0 -0.333333333333 -0.379310344828 -1.0 1.0 1.0 0.0 -0.2 -1.0 1.0
0.0 0.333333333333 -0.655172413793 -1.0 1.0 1.0 -0.25 -0.2 -0.75 0.0
0.0 1.0 -0.862068965517 0.333333333333 -0.666666666667 0.222222222222 -0.25 0.2 -1.0 1.0
0.0 1.0 -0.310344827586 -0.333333333333 1.0 -0.333333333333 -0.5 0.6 -0.25 0.0
0.0 0.333333333333 0.103448275862 -1.0 1.0 -0.888888888889 -0.25 -0.2 -1.0 1.0
1.0 1.0 -0.931034482759 -1.0 1.0 -0.888888888889 0.25 -0.2 -1.0 0.0
-0.5 -0.333333333333 1.0 -1.0 1.0 1.0 -0.25 -0.2 -1.0 0.0
0.0 0.333333333333 0.172413793103 -1.0 1.0 -0.888888888889 0.0 -0.2 -1.0 1.0
-0.5 -0.333333333333 -0.655172413793 -1.0 1.0 -0.888888888889 0.25 -0.2 -0.75 1.0
-0.5 -0.333333333333 1.0 -0.333333333333 0.666666666667 -0.333333333333 -0.5 -0.6 -1.0 0.0
0.5 0.333333333333 -0.379310344828 -1.0 1.0 -0.777777777778 0.25 -0.2 -1.0 1.0
0.5 1.0 -0.655172413793 -1.0 1.0 -1.0 0.0 0.2 -1.0 1.0
0.0 1.0 -0.931034482759 -0.333333333333 0.666666666667 -0.888888888889 0.0 0.2 -0.75 0.0
1.0 1.0 -0.655172413793 -0.333333333333 1.0 -0.888888888889 0.0 -0.6 -0.25 0.0
0.0 0.333333333333 0.172413793103 -0.333333333333 1.0 -0.333333333333 0.0 -0.2 -1.0 1.0
1.0 1.0 0.172413793103 -1.0 1.0 1.0 0.25 -0.2 0.25 0.0
-0.5 1.0 0.172413793103 -1.0 1.0 0.888888888889 -0.25 0.2 0.25 1.0
-0.5 -0.333333333333 1.0 -1.0 1.0 1.0 -0.25 -0.6 -1.0 0.0
1.0 1.0 -0.586206896552 -0.333333333333 0.666666666667 -0.777777777778 0.5 -0.6 -1.0 1.0
0.0 -1.0 0.310344827586 -1.0 1.0 1.0 -0.25 -0.2 -0.75 0.0
0.0 0.333333333333 0.655172413793 -1.0 -0.333333333333 0.888888888889 -0.25 0.2 -0.75 0.0
1.0 1.0 0.172413793103 -1.0 1.0 -0.888888888889 0.25 -0.2 0.5 1.0
-0.5 -0.333333333333 1.0 -1.0 0.333333333333 1.0 0.25 -0.2 0.0 0.0
0.0 1.0 -1.0 -1.0 1.0 -0.888888888889 0.0 -0.2 -1.0 1.0
0.5 1.0 -0.724137931034 -1.0 1.0 -0.888888888889 0.25 -0.2 -1.0 1.0
-1.0 -1.0 0.172413793103 -1.0 1.0 1.0 -0.5 -0.2 -0.25 0.0
0.0 0.333333333333 -0.51724137931 -1.0 0.666666666667 1.0 0.0 0.6 -1.0 1.0
-0.5 -0.333333333333 -0.724137931034 -0.333333333333 1.0 0.888888888889 -0.5 -0.6 -0.75 0.0
0.5 1.0 -0.655172413793 -1.0 1.0 1.0 0.0 -0.6 -0.75 0.0
0.0 0.333333333333 0.655172413793 -1.0 1.0 -0.333333333333 -0.75 -0.6 -1.0 0.0
-1.0 -1.0 0.172413793103 -0.333333333333 1.0 -0.888888888889 -0.5 -0.2 -0.75 0.0
0.0 1.0 -0.862068965517 -0.333333333333 0.333333333333 -1.0 0.25 -0.6 -0.75 1.0
0.0 0.333333333333 -0.655172413793 -1.0 1.0 -0.888888888889 -0.5 -0.6 -0.5 0.0
0.0 0.333333333333 0.172413793103 -1.0 1.0 -0.777777777778 0.0 -0.6 -1.0 1.0
-0.5 1.0 -0.655172413793 -1.0 1.0 -0.888888888889 -0.25 -0.2 -0.75 0.0
1.0 1.0 -0.862068965517 -1.0 1.0 -0.333333333333 0.5 -0.6 -1.0 0.0
0.0 1.0 -0.724137931034 -1.0 1.0 -0.888888888889 0.0 -0.6 -0.75 0.0
0.0 1.0 -0.862068965517 -1.0 1.0 1.0 0.0 -0.2 -1.0 1.0
1.0 -0.333333333333 -0.379310344828 -1.0 1.0 -0.333333333333 0.0 -0.6 -1.0 1.0
0.0 0.333333333333 -0.655172413793 -1.0 1.0 0.0 0.0 -0.6 -1.0 1.0
1.0 -1.0 0.172413793103 -0.333333333333 1.0 -0.777777777778 0.5 0.2 -1.0 1.0
-0.5 -0.333333333333 1.0 -1.0 1.0 -0.888888888889 -0.25 -0.6 -0.75 0.0
0.5 1.0 -0.655172413793 -1.0 1.0 -0.333333333333 0.0 0.2 0.25 0.0
0.0 1.0 -0.862068965517 -1.0 1.0 -0.888888888889 -0.25 -0.6 -0.75 1.0
1.0 1.0 -0.862068965517 -1.0 1.0 1.0 0.25 -0.2 -1.0 1.0
-0.5 -0.333333333333 -0.586206896552 -1.0 1.0 -0.888888888889 0.25 -0.2 -0.75 0.0
0.0 0.333333333333 -0.862068965517 -1.0 1.0 1.0 -0.75 -0.2 -1.0 0.0
1.0 1.0 -1.0 -1.0 1.0 -0.777777777778 0.0 -0.6 -1.0 1.0
1.0 1.0 -0.655172413793 -1.0 1.0 -0.888888888889 0.0 0.2 0.25 0.0
1.0 1.0 -0.655172413793 -1.0 1.0 1.0 0.0 -0.2 0.0 0.0
-0.5 -0.333333333333 1.0 -1.0 0.666666666667 1.0 -0.25 0.2 0.5 0.0
1.0 1.0 -0.655172413793 -1.0 1.0 -0.777777777778 0.25 -0.6 -1.0 1.0
0.0 0.333333333333 -0.655172413793 -1.0 1.0 1.0 0.0 -0.2 -1.0 1.0
0.0 1.0 -0.931034482759 -1.0 1.0 -0.333333333333 0.0 -0.6 -0.75 1.0
0.0 1.0 -0.862068965517 -0.333333333333 1.0 -0.333333333333 0.0 -0.6 -0.75 1.0
0.5 0.333333333333 0.172413793103 -1.0 0.666666666667 1.0 0.0 0.6 -1.0 1.0
0.0 1.0 -0.655172413793 -1.0 1.0 -0.888888888889 0.0 -0.2 -1.0 1.0
1.0 1.0 -0.379310344828 -1.0 1.0 1.0 0.5 -0.6 -1.0 1.0
0.5 1.0 -0.862068965517 -1.0 1.0 1.0 0.25 -0.2 -1.0 1.0
-0.5 -0.333333333333 1.0 -0.333333333333 1.0 -0.888888888889 -0.25 -0.6 -1.0 0.0
0.0 1.0 -0.655172413793 -1.0 1.0 -0.777777777778 0.25 -0.6 -1.0 1.0
-0.5 -1.0 0.172413793103 -1.0 1.0 -0.888888888889 -0.5 -0.2 -0.75 1.0
0.0 1.0 -0.655172413793 -1.0 1.0 1.0 0.0 -0.2 -1.0 1.0
0.5 1.0 -0.655172413793 -1.0 1.0 -0.888888888889 0.0 -0.6 -1.0 1.0
-0.5 0.333333333333 0.172413793103 -1.0 1.0 0.888888888889 0.0 -0.2 -0.5 0.0
-0.5 -0.333333333333 -0.379310344828 -1.0 1.0 1.0 -0.25 -0.2 -1.0 1.0
0.0 1.0 -0.655172413793 -1.0 1.0 -0.333333333333 0.0 -0.6 -1.0 1.0
1.0 1.0 -0.655172413793 -0.333333333333 1.0 -0.888888888889 0.25 -0.6 -1.0 1.0
-0.5 -0.333333333333 1.0 -0.333333333333 1.0 -0.888888888889 -0.25 -0.2 -1.0 0.0
0.0 -0.333333333333 0.172413793103 -1.0 1.0 1.0 -0.25 -0.2 -1.0 1.0
0.5 1.0 -0.655172413793 -1.0 1.0 -0.888888888889 0.5 -0.6 -1.0 1.0
-0.5 0.333333333333 0.172413793103 -0.333333333333 1.0 0.888888888889 0.0 -0.6 -1.0 1.0
-1.0 -1.0 -0.172413793103 -0.333333333333 1.0 -0.888888888889 -0.5 -0.2 -0.25 0.0
-0.5 -1.0 0.172413793103 -1.0 0.666666666667 1.0 -0.75 0.2 -0.25 0.0
0.5 1.0 0.172413793103 -0.333333333333 1.0 -0.888888888889 0.0 0.2 -0.75 1.0
0.0 0.333333333333 -0.655172413793 -1.0 1.0 -0.333333333333 0.0 -0.2 -1.0 1.0
0.5 1.0 -0.862068965517 -1.0 0.666666666667 1.0 -0.25 0.2 -1.0 1.0
0.0 1.0 -0.724137931034 -1.0 1.0 -0.333333333333 0.0 -0.2 -0.75 1.0
-0.5 -0.333333333333 -1.0 -1.0 0.666666666667 -0.888888888889 -0.25 -0.2 -1.0 1.0
0.5 1.0 -0.655172413793 -1.0 -1.0 1.0 0.5 0.2 -1.0 1.0
0.0 -1.0 -0.862068965517 -1.0 1.0 1.0 -0.25 -0.6 -0.75 1.0
-0.5 -0.333333333333 -0.724137931034 -1.0 1.0 0.888888888889 -0.25 -0.6 -1.0 1.0
0.0 1.0 -0.724137931034 -0.333333333333 1.0 -0.888888888889 -0.25 -0.6 -0.5 1.0
0.0 1.0 -0.655172413793 -0.333333333333 1.0 -0.333333333333 -0.25 -0.2 -0.75 1.0
-0.5 -0.333333333333 1.0 -1.0 1.0 0.555555555556 -0.75 -0.2 -1.0 0.0
0.5 1.0 -0.51724137931 -1.0 1.0 1.0 0.25 -0.6 -1.0 0.0
-0.5 1.0 -1.0 -1.0 1.0 0.888888888889 -0.5 -0.2 -1.0 1.0
-0.5 -0.333333333333 -1.0 -1.0 1.0 -0.888888888889 -0.25 -0.2 -1.0 1.0
0.0 0.333333333333 0.655172413793 -0.333333333333 0.666666666667 -0.333333333333 -0.5 -1.0 -1.0 0.0
0.0 1.0 -1.0 -1.0 1.0 1.0 -0.25 -0.2 -1.0 1.0
-0.5 -0.333333333333 1.0 -1.0 1.0 1.0 -0.25 -0.2 0.0 0.0
0.0 1.0 -0.862068965517 -1.0 1.0 1.0 -0.25 -0.2 0.0 0.0
0.0 1.0 -0.655172413793 -1.0 1.0 -0.888888888889 0.25 -0.6 -1.0 1.0
-0.5 -0.333333333333 0.172413793103 -0.333333333333 1.0 -0.333333333333 -0.5 -0.6 -0.75 1.0
1.0 0.333333333333 0.172413793103 -1.0 1.0 1.0 0.25 -0.6 -1.0 1.0
0.0 0.333333333333 0.655172413793 -0.333333333333 0.0 0.222222222222 -0.5 0.2 -1.0 0.0
0.0 0.333333333333 -0.655172413793 -1.0 1.0 -0.777777777778 0.0 -0.6 -1.0 1.0
-1.0 -1.0 -0.655172413793 -1.0 1.0 -0.888888888889 -0.25 -0.6 -1.0 1.0
1.0 1.0 0.172413793103 -0.333333333333 0.666666666667 -0.333333333333 0.25 -0.2 -0.75 1.0
-0.5 -0.333333333333 1.0 -1.0 1.0 -0.888888888889 -0.5 -0.6 -1.0 0.0
0.5 1.0 -0.655172413793 -1.0 1.0 1.0 0.25 0.2 -0.25 0.0
-0.5 -0.333333333333 0.172413793103 -1.0 1.0 1.0 -0.5 -0.6 -0.75 0.0
0.0 -1.0 0.172413793103 -1.0 0.666666666667 1.0 -0.5 0.6 -0.25 0.0
0.0 -0.333333333333 -0.793103448276 -1.0 1.0 1.0 0.0 0.2 -0.75 0.0
1.0 0.333333333333 -0.655172413793 -1.0 1.0 -0.888888888889 0.0 -0.6 -1.0 1.0
0.0 0.333333333333 -0.172413793103 -1.0 1.0 -0.888888888889 0.0 -0.6 -1.0 1.0
0.0 1.0 0.51724137931 -1.0 1.0 -0.333333333333 -0.25 -0.6 -1.0 1.0
0.0 -0.333333333333 -0.862068965517 -1.0 1.0 1.0 -0.25 -0.2 -0.75 0.0
1.0 1.0 -0.931034482759 -1.0 1.0 1.0 0.0 0.2 -0.75 0.0
-0.5 -1.0 0.172413793103 -0.333333333333 1.0 -0.333333333333 -0.25 -0.6 -1.0 1.0
-0.5 -0.333333333333 1.0 -1.0 1.0 1.0 -0.25 -0.2 -0.5 0.0
0.5 1.0 -0.655172413793 -0.333333333333 1.0 -1.0 0.25 -0.6 -1.0 1.0
1.0 1.0 -0.655172413793 -1.0 1.0 -0.888888888889 0.25 -0.2 -1.0 1.0
-0.5 -1.0 0.172413793103 -1.0 1.0 -0.888888888889 -0.25 -0.6 -0.75 1.0
0.5 1.0 -0.655172413793 -1.0 1.0 1.0 -0.25 -0.2 -0.75 0.0
-0.5 -0.333333333333 -0.862068965517 -0.333333333333 1.0 -0.333333333333 -0.5 -0.2 -0.5 1.0
-0.5 -0.333333333333 -0.724137931034 -1.0 1.0 1.0 0.0 -0.2 -0.5 0.0
0.0 1.0 -0.862068965517 -0.333333333333 1.0 -0.333333333333 -0.25 -0.2 -0.75 1.0
-0.5 0.333333333333 0.172413793103 -1.0 1.0 1.0 -0.25 -0.2 -1.0 1.0
0.5 1.0 0.172413793103 -1.0 1.0 1.0 0.0 0.2 -0.75 1.0
0.0 1.0 -0.931034482759 -1.0 -1.0 1.0 0.0 0.2 -1.0 1.0
0.0 0.333333333333 -0.655172413793 -1.0 1.0 -0.333333333333 -0.25 -0.2 -1.0 1.0
0.0 1.0 -0.931034482759 -0.333333333333 1.0 -0.888888888889 -0.25 0.2 -1.0 0.0
-0.5 -0.333333333333 1.0 -1.0 1.0 1.0 -0.25 -0.2 -0.25 0.0
-0.5 1.0 0.172413793103 -1.0 1.0 -0.333333333333 0.75 -0.6 -1.0 1.0
0.0 0.333333333333 -0.172413793103 -1.0 0.666666666667 1.0 -0.25 -0.2 -0.75 0.0
0.0 1.0 0.172413793103 -1.0 1.0 -0.888888888889 0.0 -0.2 -1.0 1.0
-0.5 -1.0 0.172413793103 -1.0 1.0 -0.888888888889 -0.75 -0.6 -1.0 0.0
0.0 0.333333333333 0.655172413793 1.0 0.333333333333 -0.888888888889 -0.75 -0.6 -1.0 0.0
0.0 1.0 -0.655172413793 -1.0 1.0 -0.777777777778 0.0 -0.2 -1.0 1.0
0.5 0.333333333333 -0.655172413793 -1.0 1.0 1.0 0.0 -0.2 0.75 0.0
0.5 0.333333333333 -0.655172413793 -0.333333333333 0.666666666667 -0.888888888889 0.0 -0.2 -0.25 0.0
0.0 0.333333333333 -0.655172413793 -1.0 1.0 1.0 -0.25 -0.6 -1.0 1.0
0.5 1.0 -0.724137931034 -1.0 1.0 1.0 0.25 0.6 -0.25 0.0
1.0 0.333333333333 0.172413793103 -1.0 0.666666666667 -0.777777777778 0.5 -0.6 -1.0 1.0
-0.5 0.333333333333 -1.0 -1.0 1.0 -0.888888888889 -0.25 -0.6 -1.0 1.0
1.0 1.0 -0.862068965517 -0.333333333333 1.0 -0.888888888889 0.0 -0.2 -0.75 0.0
-0.5 -1.0 0.172413793103 -1.0 1.0 -0.222222222222 0.0 -0.6 -0.75 0.0
0.0 0.333333333333 -0.379310344828 -1.0 1.0 1.0 -1.0 -1.0 -1.0 0.0
0.0 -0.333333333333 -0.862068965517 -1.0 1.0 -0.888888888889 -0.25 0.6 -0.75 0.0
0.0 1.0 -0.724137931034 -1.0 0.333333333333 1.0 0.75 -0.6 -0.75 0.0
0.0 0.333333333333 -0.655172413793 -1.0 1.0 1.0 0.5 -0.6 0.0 0.0
1.0 1.0 -0.655172413793 -1.0 1.0 1.0 0.0 -0.2 -0.75 1.0
0.0 1.0 -0.655172413793 -0.333333333333 0.666666666667 -0.888888888889 0.0 -0.2 -0.5 0.0
1.0 1.0 -0.51724137931 -1.0 1.0 1.0 0.25 0.2 -1.0 1.0
0.0 1.0 -0.655172413793 -0.333333333333 1.0 -0.333333333333 -0.25 -0.2 -1.0 1.0
0.5 0.333333333333 -0.655172413793 -1.0 1.0 -0.888888888889 0.0 -0.6 -1.0 1.0
-0.5 -1.0 0.172413793103 -1.0 1.0 1.0 -0.5 -0.6 -1.0 1.0
-1.0 -1.0 0.172413793103 -1.0 -1.0 1.0 0.5 -0.2 -1.0 0.0
0.0 1.0 -0.862068965517 -1.0 1.0 1.0 -0.25 0.2 -0.5 0.0
-0.5 1.0 -1.0 -1.0 1.0 1.0 -0.5 -0.2 -1.0 1.0
0.0 1.0 -1.0 -1.0 1.0 1.0 0.25 -0.2 -1.0 1.0
0.0 1.0 -0.655172413793 -0.333333333333 1.0 0.0 -0.25 0.2 0.0 0.0
0.5 1.0 -0.655172413793 -1.0 1.0 1.0 0.0 -1.0 -1.0 1.0
0.0 1.0 -0.793103448276 -0.333333333333 1.0 1.0 0.75 -0.6 -1.0 1.0
-0.5 -0.333333333333 -1.0 -1.0 1.0 -0.888888888889 0.0 -0.2 -1.0 1.0
1.0 1.0 0.172413793103 -0.333333333333 1.0 -0.888888888889 0.5 -0.2 -0.5 0.0
-0.5 0.333333333333 0.172413793103 -1.0 1.0 1.0 -0.5 -0.2 -0.25 0.0
0.0 1.0 0.172413793103 -1.0 0.0 1.0 0.0 -0.2 -1.0 0.0
-0.5 0.333333333333 0.724137931034 -1.0 1.0 1.0 0.0 0.6 0.75 0.0
0.0 -0.333333333333 0.172413793103 -1.0 1.0 1.0 -0.25 -0.6 -1.0 1.0
-0.5 -0.333333333333 1.0 -1.0 0.666666666667 1.0 -0.25 0.2 -0.75 0.0
0.0 -0.333333333333 -0.862068965517 -1.0 1.0 1.0 0.5 -0.6 0.5 0.0
0.0 -0.333333333333 0.172413793103 -1.0 1.0 1.0 -0.25 -0.2 -1.0 1.0
0.5 1.0 0.172413793103 -0.333333333333 0.666666666667 -0.888888888889 0.0 -0.2 -1.0 1.0
0.5 1.0 -0.862068965517 -1.0 0.333333333333 1.0 0.25 -0.2 -0.75 1.0
0.0 0.333333333333 0.172413793103 -1.0 1.0 -1.0 0.0 -0.6 -0.75 0.0
-0.5 -0.333333333333 -0.862068965517 -0.333333333333 1.0 -0.888888888889 -0.25 -0.6 -1.0 1.0
0.5 0.333333333333 0.172413793103 -1.0 1.0 1.0 0.25 -0.6 -1.0 1.0
0.0 1.0 -1.0 -1.0 0.666666666667 1.0 0.0 -0.2 0.0 0.0
-0.5 0.333333333333 -0.655172413793 -1.0 1.0 -0.333333333333 -0.25 -0.6 -1.0 1.0
0.5 1.0 -0.51724137931 -1.0 1.0 -0.333333333333 0.25 -0.2 -1.0 1.0
-0.5 -1.0 0.172413793103 -0.333333333333 0.666666666667 -0.333333333333 0.0 -0.6 -1.0 0.0
0.0 1.0 0.172413793103 -1.0 1.0 1.0 0.25 -0.6 -1.0 1.0
0.5 1.0 -0.655172413793 -1.0 1.0 1.0 0.25 -0.2 -0.25 0.0
0.0 1.0 -1.0 -1.0 1.0 1.0 -0.25 -0.6 -1.0 1.0
0.5 1.0 -0.655172413793 -1.0 0.666666666667 -0.888888888889 0.25 -0.2 -1.0 1.0
0.0 0.333333333333 -0.862068965517 -0.333333333333 0.666666666667 -0.888888888889 0.0 -0.6 -1.0 1.0
1.0 -0.333333333333 -0.655172413793 -0.333333333333 0.666666666667 -0.888888888889 0.75 -0.6 -1.0 1.0
0.0 0.333333333333 0.655172413793 -1.0 0.666666666667 1.0 -0.75 -0.2 -1.0 0.0
0.5 -1.0 -1.0 -1.0 1.0 1.0 -0.25 -0.6 -1.0 1.0
-0.5 -0.333333333333 0.172413793103 -0.333333333333 1.0 -0.888888888889 -0.5 -0.6 -0.75 0.0
-0.5 -1.0 -0.862068965517 -1.0 1.0 -0.888888888889 0.0 -0.2 -0.75 0.0
-0.5 -0.333333333333 1.0 -1.0 0.666666666667 0.888888888889 -0.25 -0.6 -1.0 0.0
0.0 -1.0 -0.655172413793 -0.333333333333 1.0 -0.666666666667 -0.5 -0.6 -0.75 1.0
-0.5 -0.333333333333 1.0 -1.0 0.666666666667 1.0 -0.25 -0.2 -0.25 0.0
-1.0 -1.0 -0.724137931034 -1.0 1.0 0.0 -0.75 -0.2 -1.0 0.0
0.0 0.333333333333 0.655172413793 -1.0 0.333333333333 -0.888888888889 -0.75 -0.2 -0.5 0.0
-0.5 -0.333333333333 1.0 -1.0 1.0 -0.333333333333 -0.5 -0.6 -1.0 0.0
0.5 1.0 0.172413793103 -0.333333333333 0.666666666667 -0.666666666667 0.5 -0.6 -1.0 1.0
0.0 -0.333333333333 -0.172413793103 -1.0 1.0 1.0 -0.25 -0.2 -0.75 0.0
1.0 1.0 -0.655172413793 -1.0 1.0 -0.333333333333 0.5 -0.6 -1.0 0.0
-0.5 -0.333333333333 1.0 -1.0 0.0 1.0 -0.25 -0.2 -0.75 0.0
0.0 0.333333333333 -0.655172413793 -1.0 0.333333333333 -0.888888888889 -0.5 0.2 -0.75 0.0
0.0 1.0 0.172413793103 -1.0 1.0 -0.888888888889 0.25 -0.2 -1.0 1.0
-0.5 -0.333333333333 -0.931034482759 -1.0 1.0 1.0 -0.25 -0.6 -1.0 1.0
0.5 1.0 -0.931034482759 -1.0 1.0 -0.888888888889 0.0 -0.2 -1.0 1.0
0.0 0.333333333333 0.655172413793 -1.0 0.666666666667 -0.888888888889 0.25 0.6 -0.75 0.0
0.0 -0.333333333333 0.172413793103 -1.0 1.0 1.0 -0.25 0.2 -0.75 0.0
-0.5 -0.333333333333 1.0 -1.0 1.0 1.0 -0.25 -0.2 -0.25 0.0
0.0 0.333333333333 0.655172413793 -0.333333333333 1.0 -0.888888888889 -0.25 -0.2 -1.0 1.0
-0.5 1.0 -1.0 -0.333333333333 1.0 1.0 0.25 0.2 -1.0 1.0
-1.0 -1.0 0.172413793103 -1.0 1.0 -0.888888888889 -0.75 -0.2 -0.75 0.0
0.5 0.333333333333 0.172413793103 -1.0 1.0 0.555555555556 0.0 -0.6 -1.0 1.0
-0.5 -0.333333333333 0.172413793103 -0.333333333333 0.666666666667 -0.888888888889 -0.25 0.2 -1.0 1.0
0.0 1.0 -0.655172413793 -1.0 1.0 1.0 -0.25 0.6 -1.0 1.0
0.5 1.0 -0.793103448276 -1.0 1.0 1.0 0.25 0.2 -0.5 0.0
-0.5 -1.0 -0.586206896552 -1.0 1.0 -0.333333333333 -0.25 -0.6 -1.0 1.0
0.5 1.0 -0.862068965517 -0.333333333333 0.333333333333 0.888888888889 0.0 -0.2 -1.0 1.0
-0.5 -0.333333333333 -0.862068965517 -1.0 1.0 -0.888888888889 -0.25 -0.2 -0.75 0.0
0.0 0.333333333333 -0.655172413793 -0.333333333333 1.0 -0.777777777778 0.25 -0.2 -0.75 0.0
0.0 1.0 -1.0 -1.0 1.0 1.0 -0.75 -0.2 0.0 0.0
0.5 -0.333333333333 -0.655172413793 -1.0 1.0 -0.888888888889 0.0 -0.2 -0.25 0.0
-0.5 -1.0 -1.0 -1.0 1.0 -0.777777777778 0.0 -0.6 -0.75 1.0
0.0 0.333333333333 -0.724137931034 -1.0 1.0 -0.888888888889 0.5 -0.2 -0.5 0.0
0.0 0.333333333333 -0.724137931034 -1.0 1.0 -0.777777777778 -0.25 0.2 -1.0 1.0
-0.5 0.333333333333 -0.655172413793 -1.0 0.666666666667 1.0 -0.25 -0.2 -0.75 1.0
0.0 0.333333333333 -0.862068965517 -1.0 0.666666666667 1.0 -0.25 -0.2 -1.0 0.0
-0.5 -0.333333333333 0.172413793103 -1.0 -0.333333333333 -1.0 -0.5 -0.2 -0.75 0.0
0.5 1.0 -0.379310344828 -0.333333333333 1.0 -0.777777777778 0.25 -0.2 -1.0 1.0
1.0 1.0 0.172413793103 -1.0 1.0 -0.777777777778 1.0 -0.6 -1.0 1.0
-0.5 -0.333333333333 1.0 -0.333333333333 1.0 0.888888888889 -0.25 -1.0 -1.0 0.0
-0.5 -0.333333333333 1.0 -1.0 1.0 -0.777777777778 -0.25 -0.6 -1.0 1.0
-0.5 -0.333333333333 -0.655172413793 -1.0 1.0 -0.333333333333 -0.25 -0.6 -1.0 0.0
0.0 1.0 -0.655172413793 -1.0 -1.0 1.0 0.0 -0.2 -1.0 0.0
-0.5 0.333333333333 -0.655172413793 -1.0 1.0 -0.888888888889 -0.25 -0.6 -1.0 1.0
-0.5 -0.333333333333 1.0 -1.0 1.0 -0.222222222222 -0.25 -0.2 -1.0 0.0
-0.5 0.333333333333 -0.724137931034 -1.0 -1.0 1.0 -0.25 0.2 -0.5 0.0
0.0 1.0 -0.379310344828 -1.0 1.0 1.0 0.0 -0.2 -1.0 1.0
1.0 1.0 -1.0 -1.0 1.0 -0.888888888889 0.5 0.2 -1.0 0.0
0.0 1.0 -0.655172413793 -0.333333333333 0.666666666667 -0.888888888889 -0.25 -0.2 0.5 0.0
0.0 1.0 -1.0 -1.0 1.0 1.0 0.0 0.2 -0.25 0.0
1.0 0.333333333333 -0.655172413793 -0.333333333333 1.0 -0.777777777778 0.0 -0.2 -1.0 0.0
-0.5 -0.333333333333 0.172413793103 -1.0 0.333333333333 1.0 -0.5 -0.2 -0.75 1.0
-0.5 -0.333333333333 -0.655172413793 -1.0 1.0 1.0 -1.0 -1.0 -1.0 1.0
-0.5 0.333333333333 -1.0 -1.0 1.0 -0.888888888889 -0.25 -0.2 -1.0 1.0
-0.5 -0.333333333333 -0.862068965517 -0.333333333333 1.0 -0.888888888889 -0.5 -0.2 -0.5 0.0
-0.5 -1.0 -0.862068965517 -1.0 1.0 1.0 -0.5 -0.2 -0.5 0.0
1.0 0.333333333333 -0.862068965517 -0.333333333333 1.0 -0.333333333333 0.5 -0.6 -1.0 1.0
0.5 0.333333333333 -0.655172413793 -1.0 1.0 -0.888888888889 0.0 -0.2 -1.0 0.0
0.5 1.0 -0.655172413793 -1.0 1.0 -0.333333333333 0.25 -0.6 -1.0 1.0
0.5 1.0 0.172413793103 -1.0 1.0 -0.777777777778 0.25 -0.6 -1.0 1.0
-0.5 -0.333333333333 -0.724137931034 -1.0 1.0 -0.888888888889 -0.25 -0.6 -0.75 1.0
0.0 1.0 -0.793103448276 -1.0 1.0 -0.888888888889 0.0 -0.2 -0.75 1.0
-0.5 0.333333333333 -0.586206896552 -1.0 1.0 1.0 -0.5 -0.2 -1.0 1.0
-0.5 -0.333333333333 1.0 -0.333333333333 0.666666666667 -1.0 0.0 -0.6 -1.0 1.0
-0.5 0.333333333333 -0.862068965517 -0.333333333333 0.666666666667 -0.333333333333 -0.25 -0.6 -0.75 1.0
0.5 1.0 0.172413793103 -1.0 1.0 -0.333333333333 0.0 -0.6 -1.0 1.0
0.0 1.0 -0.655172413793 -1.0 1.0 -0.888888888889 -0.25 -0.2 -1.0 1.0
-0.5 -1.0 0.172413793103 -1.0 1.0 -0.888888888889 -0.5 -0.6 -1.0 1.0
0.0 1.0 -0.724137931034 -0.333333333333 1.0 -0.888888888889 -0.25 -0.6 -1.0 1.0
-0.5 1.0 -0.655172413793 -1.0 1.0 1.0 -0.75 -0.2 -1.0 0.0
0.0 1.0 0.172413793103 -0.333333333333 1.0 -0.888888888889 0.0 -0.6 -1.0 1.0
0.0 0.333333333333 -0.931034482759 0.333333333333 1.0 -0.333333333333 0.0 -0.6 -1.0 1.0
0.0 1.0 -0.655172413793 -1.0 1.0 1.0 -1.0 -1.0 -1.0 1.0
-0.5 -1.0 0.172413793103 -0.333333333333 0.333333333333 0.222222222222 -0.25 -0.6 -1.0 0.0
0.5 1.0 -0.931034482759 -0.333333333333 0.666666666667 -0.777777777778 0.0 -1.0 -1.0 1.0
1.0 1.0 -0.724137931034 -1.0 1.0 0.222222222222 0.5 -0.2 -0.75 1.0
-0.5 -0.333333333333 0.51724137931 -1.0 1.0 1.0 -0.25 -0.2 -1.0 0.0
-0.5 -0.333333333333 -0.655172413793 -0.333333333333 1.0 -0.888888888889 -0.25 -0.6 -0.75 0.0
-0.5 -0.333333333333 -0.862068965517 -1.0 1.0 1.0 -0.25 -0.2 0.0 0.0
-0.5 -0.333333333333 1.0 -1.0 1.0 -0.888888888889 -0.25 -0.2 -0.25 0.0
-0.5 -0.333333333333 1.0 -0.333333333333 1.0 -0.777777777778 -0.25 -0.6 -1.0 0.0
-0.5 -0.333333333333 -0.724137931034 -1.0 -0.333333333333 1.0 -0.25 -0.2 -0.5 0.0
0.0 0.333333333333 0.172413793103 -1.0 1.0 1.0 0.0 -0.6 -0.5 1.0
0.0 1.0 -0.655172413793 -1.0 1.0 -0.888888888889 0.0 -0.6 -0.75 1.0
-0.5 -0.333333333333 0.172413793103 -1.0 1.0 1.0 -0.25 -0.2 -0.5 1.0
0.0 0.333333333333 0.655172413793 -1.0 1.0 1.0 -0.75 0.6 0.75 0.0
0.0 -0.333333333333 -0.862068965517 -1.0 0.333333333333 -0.888888888889 0.0 0.6 -0.5 0.0
1.0 1.0 -0.655172413793 -0.333333333333 1.0 -0.888888888889 0.0 -0.6 -0.75 0.0
0.0 -1.0 0.172413793103 -0.333333333333 1.0 -0.444444444444 0.0 -0.6 -1.0 1.0
0.0 0.333333333333 -0.655172413793 -1.0 1.0 -0.222222222222 0.0 -0.6 -1.0 0.0
0.0 0.333333333333 0.655172413793 -1.0 1.0 1.0 -1.0 -1.0 -1.0 0.0
0.0 1.0 -0.724137931034 -1.0 1.0 1.0 0.0 -0.2 -0.75 1.0
0.0 1.0 -0.655172413793 -1.0 1.0 1.0 0.0 -0.2 -1.0 1.0
-0.5 -1.0 -0.103448275862 -1.0 1.0 1.0 -0.25 -0.2 -0.25 0.0
-0.5 -0.333333333333 -0.655172413793 -1.0 1.0 1.0 -0.25 -0.2 -0.5 0.0
-0.5 -0.333333333333 1.0 -1.0 1.0 1.0 0.5 -0.6 -1.0 1.0
0.0 -0.333333333333 -0.724137931034 0.333333333333 0.333333333333 -1.0 -0.25 -0.2 -1.0 0.0
0.0 0.333333333333 0.310344827586 -0.333333333333 1.0 1.0 0.25 -0.6 -1.0 1.0
0.5 1.0 -0.379310344828 -1.0 1.0 0.555555555556 0.25 -0.2 -1.0 0.0
0.0 1.0 -0.655172413793 -1.0 1.0 1.0 -0.25 -0.6 -0.5 0.0
0.0 0.333333333333 0.172413793103 -1.0 1.0 1.0 0.0 -0.2 -1.0 0.0
0.0 -0.333333333333 0.172413793103 -1.0 1.0 1.0 0.0 -0.2 -0.5 0.0
-1.0 -1.0 0.51724137931 -0.333333333333 0.666666666667 -0.888888888889 -0.5 -0.2 -0.25 0.0
1.0 1.0 -0.379310344828 -1.0 1.0 -0.777777777778 0.25 -0.2 -1.0 1.0
0.0 1.0 -0.51724137931 -1.0 0.666666666667 1.0 0.0 -0.6 -1.0 1.0
-0.5 -0.333333333333 -0.586206896552 -1.0 1.0 -0.888888888889 -0.5 -0.2 -1.0 1.0
0.5 1.0 -0.862068965517 -1.0 1.0 -0.333333333333 0.0 -0.2 -0.75 1.0
-0.5 -0.333333333333 1.0 -1.0 1.0 1.0 -0.5 -0.2 -1.0 0.0
0.0 1.0 -0.379310344828 -0.333333333333 1.0 -0.777777777778 0.75 -0.6 -1.0 1.0
1.0 1.0 -0.862068965517 -0.333333333333 1.0 -0.888888888889 0.75 -0.2 -0.5 0.0
-0.5 -1.0 -0.862068965517 -1.0 1.0 -0.888888888889 -0.75 -0.2 -0.75 0.0
-0.5 -0.333333333333 1.0 -1.0 1.0 1.0 -0.25 -0.2 -1.0 0.0
0.5 1.0 0.172413793103 -1.0 1.0 -0.666666666667 0.0 0.2 -1.0 1.0
0.5 -0.333333333333 -0.379310344828 -1.0 1.0 1.0 0.25 0.2 -0.75 1.0
-0.5 -0.333333333333 0.241379310345 -1.0 -0.333333333333 1.0 -0.5 -0.2 -1.0 1.0
1.0 1.0 -0.655172413793 -0.333333333333 1.0 -0.333333333333 0.5 -0.2 -0.5 1.0
0.5 1.0 0.172413793103 -1.0 0.666666666667 -0.666666666667 0.25 -0.6 -1.0 1.0
0.5 1.0 -1.0 -1.0 1.0 1.0 -0.25 -0.6 -1.0 1.0
-0.5 -1.0 0.172413793103 -1.0 1.0 -0.333333333333 -0.25 0.6 -0.25 0.0
-0.5 -0.333333333333 -0.586206896552 -1.0 1.0 1.0 0.25 -0.2 -0.25 0.0
0.0 1.0 -1.0 -1.0 1.0 -0.888888888889 0.5 -0.6 -1.0 1.0
-0.5 -0.333333333333 0.172413793103 -1.0 1.0 -0.888888888889 0.75 -0.2 -0.25 0.0
-1.0 -1.0 -0.724137931034 -1.0 1.0 1.0 -0.5 -0.6 -0.75 0.0
0.0 -0.333333333333 0.51724137931 -0.333333333333 1.0 0.888888888889 0.0 0.2 -1.0 0.0
0.0 1.0 0.172413793103 -0.333333333333 0.666666666667 -0.888888888889 -0.25 -0.2 -0.5 1.0
0.0 1.0 -0.862068965517 -0.333333333333 1.0 -0.888888888889 0.25 -0.2 -0.75 0.0
1.0 1.0 -0.655172413793 -1.0 1.0 1.0 0.0 -0.6 -0.5 1.0
-0.5 -0.333333333333 1.0 -0.333333333333 1.0 1.0 -0.25 -0.2 -1.0 0.0
-0.5 -0.333333333333 1.0 -1.0 1.0 1.0 -0.5 -0.2 -1.0 0.0
0.0 1.0 -0.655172413793 -1.0 1.0 0.666666666667 0.0 -0.2 -1.0 1.0
-0.5 -0.333333333333 1.0 -1.0 1.0 -0.222222222222 -0.25 -0.2 -0.75 0.0
-0.5 -0.333333333333 0.172413793103 -0.333333333333 1.0 -0.777777777778 -0.25 -0.6 -0.75 1.0
0.0 1.0 -1.0 -1.0 1.0 0.888888888889 -0.5 -0.2 -1.0 0.0
0.0 -0.333333333333 -0.172413793103 -1.0 1.0 1.0 0.0 -0.2 -0.75 1.0
0.0 -0.333333333333 -0.586206896552 -1.0 0.666666666667 1.0 -0.75 -0.2 -1.0 0.0
-0.5 1.0 -0.655172413793 -0.333333333333 1.0 -0.333333333333 -0.25 -0.6 -1.0 1.0
0.0 1.0 0.172413793103 -1.0 1.0 -0.888888888889 -0.25 -0.6 -0.5 1.0
0.5 0.333333333333 -0.655172413793 -1.0 1.0 1.0 -0.25 -0.2 -0.75 0.0
0.0 0.333333333333 0.172413793103 -1.0 1.0 -0.333333333333 -0.25 0.2 -1.0 1.0
-0.5 0.333333333333 -0.724137931034 -0.333333333333 0.666666666667 -0.888888888889 0.0 -0.6 -0.75 1.0
1.0 -0.333333333333 -0.379310344828 -1.0 1.0 1.0 0.0 -0.2 -1.0 1.0
0.5 1.0 -0.724137931034 -1.0 1.0 -0.333333333333 0.0 0.2 -0.75 1.0
0.0 0.333333333333 -0.724137931034 -1.0 1.0 -0.888888888889 0.25 -0.2 -1.0 1.0
0.0 1.0 -0.51724137931 -1.0 1.0 -0.888888888889 0.0 -0.2 -1.0 1.0
0.0 -0.333333333333 -0.862068965517 -1.0 1.0 -0.333333333333 -0.25 -0.2 -1.0 1.0
0.5 1.0 -1.0 -1.0 1.0 -0.888888888889 0.5 -0.6 -1.0 1.0
0.0 -0.333333333333 0.172413793103 -1.0 1.0 -0.333333333333 0.25 -0.2 -1.0 1.0
0.0 1.0 -0.862068965517 -1.0 1.0 -0.888888888889 0.0 -0.2 -1.0 1.0
-0.5 -0.333333333333 1.0 -1.0 1.0 1.0 0.0 -0.2 -0.75 0.0
1.0 1.0 -0.862068965517 -0.333333333333 0.666666666667 -0.888888888889 0.25 0.2 -1.0 0.0
0.0 0.333333333333 -0.655172413793 -1.0 1.0 -0.888888888889 -0.25 -0.2 -0.25 0.0
1.0 1.0 -0.931034482759 -1.0 1.0 -0.777777777778 0.0 -0.6 -1.0 0.0
0.5 1.0 -0.655172413793 -0.333333333333 1.0 -0.333333333333 0.5 -0.2 -0.75 0.0
-0.5 -1.0 -0.103448275862 -1.0 1.0 -0.333333333333 -0.25 -0.6 -0.75 0.0
1.0 1.0 -0.655172413793 -1.0 1.0 -0.777777777778 0.5 -0.6 -1.0 1.0
-0.5 -0.333333333333 -0.724137931034 -1.0 1.0 -0.444444444444 -0.5 -0.6 -1.0 1.0
0.5 1.0 -0.655172413793 -0.333333333333 0.666666666667 -0.888888888889 0.0 -0.6 -1.0 1.0
-0.5 -0.333333333333 1.0 -1.0 1.0 1.0 -1.0 -1.0 -1.0 1.0
0.0 1.0 0.172413793103 -1.0 -1.0 1.0 0.25 0.2 -1.0 1.0
0.0 0.333333333333 0.51724137931 -1.0 1.0 1.0 -0.25 -0.2 -0.75 0.0
0.0 -1.0 0.172413793103 -1.0 1.0 0.888888888889 -0.5 -0.2 -0.5 0.0
-0.5 -0.333333333333 0.172413793103 0.333333333333 -0.666666666667 0.222222222222 -0.5 -0.6 -1.0 1.0
-0.5 1.0 -1.0 -1.0 1.0 1.0 -1.0 -1.0 -1.0 1.0
1.0 1.0 -0.655172413793 -0.333333333333 1.0 -0.333333333333 0.5 -0.6 -1.0 1.0
0.0 1.0 -0.655172413793 -1.0 0.666666666667 1.0 -0.25 -0.2 -0.75 0.0
-0.5 -0.333333333333 1.0 -1.0 0.666666666667 1.0 -0.25 -0.2 0.5 0.0
1.0 0.333333333333 -0.655172413793 -1.0 1.0 -0.333333333333 0.0 0.2 0.25 0.0
0.0 -0.333333333333 -0.655172413793 -1.0 1.0 -0.333333333333 -0.25 -0.2 -0.75 1.0
-0.5 -0.333333333333 -0.862068965517 -1.0 0.333333333333 -0.888888888889 -0.5 -0.2 -0.25 0.0
0.0 0.333333333333 -0.724137931034 -1.0 1.0 -0.888888888889 0.0 -0.2 -1.0 1.0
0.0 -1.0 -0.655172413793 -1.0 1.0 -0.333333333333 -0.25 -0.6 -1.0 1.0
0.0 1.0 -0.655172413793 -1.0 1.0 -0.333333333333 0.0 -0.6 -1.0 1.0
-0.5 -0.333333333333 0.172413793103 -1.0 1.0 -0.333333333333 0.75 -0.2 0.25 0.0
0.0 1.0 -0.931034482759 -0.333333333333 0.666666666667 -0.888888888889 -0.25 -0.2 -0.75 0.0
-0.5 1.0 0.172413793103 -1.0 1.0 1.0 0.0 -0.2 -1.0 0.0
1.0 1.0 -0.724137931034 -1.0 1.0 1.0 0.0 -0.2 0.0 0.0
0.0 0.333333333333 -0.379310344828 -1.0 1.0 1.0 -0.25 -0.2 -1.0 1.0
-0.5 -0.333333333333 -1.0 -1.0 1.0 -0.888888888889 -0.5 -0.6 -1.0 1.0
-0.5 -1.0 0.172413793103 -0.333333333333 0.333333333333 -0.888888888889 -0.5 -1.0 -1.0 1.0
0.0 0.333333333333 -0.724137931034 -0.333333333333 1.0 -0.333333333333 -0.25 -0.6 -0.75 1.0
0.0 -0.333333333333 -1.0 -1.0 1.0 0.888888888889 0.0 -0.2 -1.0 1.0
-0.5 -0.333333333333 -0.862068965517 -1.0 1.0 1.0 -0.25 -0.2 -1.0 1.0
0.0 1.0 -1.0 -1.0 1.0 1.0 -0.25 -0.2 -1.0 1.0
0.0 1.0 0.586206896552 -1.0 1.0 -0.888888888889 0.0 -0.2 -1.0 1.0
0.0 1.0 0.172413793103 -0.333333333333 0.666666666667 -0.888888888889 0.0 -0.6 -1.0 1.0
0.0 0.333333333333 -1.0 -1.0 -1.0 1.0 0.25 -0.6 -1.0 1.0
0.0 0.333333333333 0.172413793103 -1.0 0.666666666667 -0.888888888889 0.0 -0.6 -0.5 1.0
0.5 1.0 -0.655172413793 -0.333333333333 1.0 -0.888888888889 0.25 -0.6 -1.0 1.0
0.5 1.0 0.172413793103 -1.0 1.0 -0.333333333333 -0.25 -0.6 -1.0 0.0
0.5 1.0 -0.655172413793 -1.0 1.0 -0.888888888889 0.0 -0.6 -0.75 1.0
0.5 1.0 -0.655172413793 -1.0 1.0 -0.333333333333 -0.25 -0.2 -0.5 0.0
0.0 -0.333333333333 0.310344827586 -0.333333333333 1.0 -0.333333333333 0.0 0.2 -1.0 1.0
0.0 1.0 0.172413793103 -1.0 1.0 1.0 0.0 -0.2 -0.75 1.0
0.0 0.333333333333 -0.655172413793 -1.0 1.0 -0.333333333333 -0.25 -0.6 -1.0 1.0
0.0 0.333333333333 -0.655172413793 -1.0 -1.0 1.0 -0.25 -0.2 -0.75 1.0
0.0 1.0 0.172413793103 -1.0 1.0 1.0 0.0 -0.2 0.25 0.0
-0.5 0.333333333333 -0.655172413793 -1.0 1.0 1.0 -0.25 -0.6 -0.75 1.0
0.0 0.333333333333 -0.724137931034 -1.0 1.0 -0.333333333333 0.5 -0.2 -1.0 0.0
-0.5 -0.333333333333 -0.862068965517 -1.0 -1.0 1.0 -0.5 -0.2 -1.0 0.0
0.5 0.333333333333 -0.862068965517 -0.333333333333 1.0 -0.333333333333 0.25 -0.6 -1.0 1.0
0.0 1.0 -0.379310344828 -1.0 0.666666666667 1.0 0.0 -0.2 -1.0 1.0
-0.5 0.333333333333 -1.0 -1.0 -1.0 1.0 -0.25 -0.2 -1.0 1.0
-0.5 -0.333333333333 -0.862068965517 -1.0 1.0 -0.888888888889 -0.25 -0.2 -0.25 0.0
0.0 -1.0 0.172413793103 -1.0 1.0 1.0 0.0 0.2 -1.0 0.0
0.0 1.0 -1.0 -1.0 1.0 1.0 -0.25 -0.2 0.0 0.0
-1.0 -1.0 -0.241379310345 -1.0 1.0 -0.222222222222 -0.5 -1.0 -1.0 0.0
-0.5 -1.0 0.172413793103 -1.0 1.0 1.0 0.25 -0.6 -1.0 0.0
1.0 1.0 -0.655172413793 -0.333333333333 1.0 -0.333333333333 0.5 -0.6 -0.5 0.0
0.0 0.333333333333 0.655172413793 -1.0 0.666666666667 1.0 -0.25 0.6 0.5 0.0
-0.5 1.0 0.51724137931 -1.0 0.333333333333 0.222222222222 -0.5 -0.2 -0.75 0.0
0.0 -0.333333333333 0.172413793103 -1.0 1.0 1.0 0.0 -0.2 -1.0 0.0
0.0 0.333333333333 -0.931034482759 -1.0 1.0 -0.333333333333 -0.25 -0.6 -1.0 1.0
-0.5 0.333333333333 -0.586206896552 -1.0 0.333333333333 -1.0 -0.25 -0.2 -1.0 1.0
-0.5 -1.0 -0.586206896552 -1.0 1.0 -0.333333333333 -0.5 -0.6 -0.75 0.0
0.0 -0.333333333333 -0.655172413793 -1.0 1.0 1.0 -0.25 -0.2 -0.25 0.0
0.0 1.0 0.172413793103 -0.333333333333 1.0 -0.333333333333 0.25 -0.6 -1.0 1.0
0.0 0.333333333333 0.655172413793 -0.333333333333 1.0 -0.333333333333 -0.5 -0.6 -1.0 0.0
0.0 1.0 0.310344827586 -1.0 1.0 1.0 0.0 0.2 -1.0 1.0
0.0 1.0 -1.0 -1.0 1.0 1.0 -0.25 -0.2 -0.75 0.0
-0.5 -0.333333333333 -0.379310344828 -1.0 1.0 -0.333333333333 0.0 -0.6 -1.0 1.0
0.5 1.0 -0.724137931034 -1.0 1.0 -0.333333333333 0.0 -0.6 -1.0 1.0
-0.5 1.0 -0.724137931034 -1.0 1.0 1.0 -0.25 -0.2 -1.0 1.0
0.0 0.333333333333 0.172413793103 -1.0 1.0 1.0 -0.25 -0.2 -1.0 1.0
-0.5 -0.333333333333 -0.862068965517 -1.0 1.0 1.0 -0.5 -0.2 -0.75 1.0
0.0 1.0 0.172413793103 -1.0 0.333333333333 1.0 0.5 -0.2 -0.75 1.0
0.0 0.333333333333 -0.586206896552 -0.333333333333 1.0 -0.888888888889 -0.25 0.6 -1.0 1.0
0.5 1.0 0.172413793103 -1.0 1.0 -0.777777777778 0.0 -0.6 -1.0 1.0
0.0 1.0 -0.655172413793 -1.0 0.666666666667 1.0 -0.25 -0.6 -0.75 1.0
0.0 -0.333333333333 0.172413793103 -0.333333333333 1.0 -0.333333333333 -0.25 -0.6 -1.0 1.0
1.0 1.0 0.172413793103 -1.0 1.0 -0.777777777778 0.0 -0.2 -0.75 1.0
-0.5 1.0 -0.724137931034 -1.0 0.666666666667 0.888888888889 -0.5 -0.2 -1.0 1.0
0.0 0.333333333333 0.655172413793 -1.0 0.333333333333 1.0 -0.5 -0.2 -1.0 0.0
1.0 -0.333333333333 -0.379310344828 -1.0 1.0 -0.333333333333 1.0 -0.6 -0.75 1.0
0.0 1.0 -0.724137931034 -0.333333333333 0.333333333333 0.222222222222 -0.25 0.2 -0.5 0.0
1.0 1.0 -0.931034482759 -1.0 1.0 1.0 -0.25 -0.2 -0.75 0.0
0.5 1.0 0.172413793103 -0.333333333333 1.0 -0.333333333333 0.0 -0.6 -1.0 0.0
0.0 1.0 -1.0 -1.0 1.0 -0.333333333333 -0.5 -0.2 -0.5 0.0
-0.5 -1.0 -0.931034482759 -0.333333333333 1.0 -0.777777777778 -0.5 -0.2 -0.75 1.0
0.0 0.333333333333 -0.724137931034 -1.0 1.0 1.0 0.0 -0.2 -0.5 0.0
0.0 0.333333333333 0.172413793103 -0.333333333333 0.0 0.222222222222 0.75 -0.2 0.0 1.0
0.0 0.333333333333 -0.862068965517 -1.0 1.0 1.0 0.0 0.2 -1.0 1.0
1.0 1.0 -0.931034482759 -1.0 1.0 -0.333333333333 0.5 -0.6 -0.75 1.0
0.0 -1.0 0.172413793103 -1.0 -1.0 1.0 0.0 -0.6 -1.0 1.0
1.0 1.0 -0.655172413793 -1.0 1.0 0.888888888889 0.5 -0.2 -1.0 1.0
0.0 1.0 -1.0 -1.0 -1.0 1.0 -0.75 -0.2 -1.0 0.0
0.5 1.0 -1.0 -1.0 1.0 -0.888888888889 0.0 -0.2 -1.0 1.0
0.5 1.0 -0.862068965517 -1.0 1.0 -0.333333333333 0.0 -0.2 -1.0 1.0
0.0 0.333333333333 -0.379310344828 -1.0 1.0 -0.888888888889 0.0 -0.2 -0.75 1.0
1.0 1.0 0.172413793103 -1.0 1.0 1.0 0.75 -0.6 -1.0 1.0
0.0 1.0 0.172413793103 -1.0 1.0 -0.777777777778 0.0 -0.6 -1.0 1.0
0.0 1.0 -0.724137931034 -1.0 1.0 -0.888888888889 0.0 -0.2 -1.0 1.0
0.0 -0.333333333333 0.172413793103 -0.333333333333 1.0 -0.333333333333 0.0 -0.2 -0.5 0.0
-0.5 -0.333333333333 1.0 -0.333333333333 1.0 -0.333333333333 -0.25 -0.6 -1.0 1.0
-0.5 0.333333333333 0.172413793103 -1.0 0.666666666667 -0.333333333333 -0.75 -0.2 -1.0 0.0
0.5 1.0 -0.655172413793 -0.333333333333 1.0 -0.333333333333 0.0 -0.2 -1.0 1.0
0.5 1.0 -0.655172413793 -1.0 1.0 -0.888888888889 0.0 -0.2 -1.0 1.0
-0.5 -1.0 0.172413793103 -0.333333333333 1.0 1.0 -0.5 -0.6 -0.75 0.0
-0.5 -1.0 0.172413793103 -0.333333333333 1.0 -0.888888888889 -0.5 -0.2 -0.5 0.0
0.5 1.0 -0.655172413793 -1.0 1.0 1.0 0.25 -0.2 -0.75 1.0
-0.5 -0.333333333333 0.172413793103 -1.0 1.0 -0.888888888889 -0.25 -0.6 -1.0 1.0
0.0 1.0 -0.655172413793 -1.0 1.0 1.0 0.5 -0.2 0.0 0.0
-0.5 -0.333333333333 -1.0 -1.0 0.666666666667 1.0 -0.25 -0.6 -0.75 1.0
-1.0 -1.0 0.172413793103 -1.0 0.666666666667 0.888888888889 -0.5 0.2 -0.5 0.0
1.0 1.0 -0.793103448276 -1.0 1.0 1.0 -0.25 -0.2 0.0 0.0
1.0 1.0 -0.379310344828 -1.0 1.0 1.0 0.5 -0.2 -1.0 1.0
0.0 -0.333333333333 0.172413793103 -1.0 1.0 1.0 -0.25 -0.2 -1.0 1.0
0.0 1.0 -0.724137931034 -1.0 1.0 -0.333333333333 0.0 -0.6 -1.0 1.0
0.0 1.0 -0.862068965517 -0.333333333333 0.0 0.222222222222 -0.25 -0.2 -0.75 0.0
0.0 1.0 -1.0 -1.0 1.0 -0.888888888889 0.0 -0.2 -1.0 1.0
0.0 0.333333333333 0.172413793103 -1.0 1.0 1.0 -0.25 -0.2 0.5 0.0
0.0 1.0 0.51724137931 -1.0 1.0 -0.333333333333 -0.25 -0.6 -1.0 1.0
-0.5 -1.0 -0.241379310345 -0.333333333333 0.333333333333 -0.333333333333 -0.5 -0.6 -1.0 0.0
-0.5 -0.333333333333 1.0 -1.0 0.666666666667 1.0 -0.5 -0.6 -1.0 0.0
-0.5 1.0 -1.0 -1.0 1.0 1.0 0.25 -0.2 -0.75 0.0
0.0 0.333333333333 -0.655172413793 -1.0 1.0 1.0 -0.25 -0.2 -1.0 1.0
0.0 -1.0 0.310344827586 -1.0 1.0 -0.666666666667 0.0 -0.6 -1.0 1.0
0.0 1.0 -0.655172413793 -1.0 -1.0 1.0 -0.5 -0.2 -0.25 0.0
0.0 1.0 -0.793103448276 -0.333333333333 1.0 -0.888888888889 0.0 -0.6 -1.0 1.0
0.0 0.333333333333 -0.655172413793 -1.0 1.0 1.0 -0.25 -0.2 -0.75 1.0
0.0 0.333333333333 -0.862068965517 -1.0 0.333333333333 1.0 0.0 0.2 -0.75 0.0
0.0 -0.333333333333 0.172413793103 -1.0 1.0 -0.333333333333 -0.25 -0.2 -0.5 0.0
0.0 0.333333333333 -0.793103448276 -1.0 1.0 1.0 0.5 -0.2 -1.0 0.0
-0.5 -1.0 -0.655172413793 -1.0 1.0 -0.888888888889 -0.5 -0.6 -0.75 0.0
0.0 -0.333333333333 -0.655172413793 -1.0 1.0 -0.888888888889 -0.25 -0.2 -0.75 1.0
1.0 1.0 0.172413793103 -0.333333333333 0.333333333333 -0.888888888889 0.25 -0.6 -1.0 1.0
-0.5 -0.333333333333 -0.862068965517 -1.0 1.0 1.0 -0.75 -0.2 0.75 0.0
-0.5 -1.0 0.172413793103 -1.0 1.0 -0.222222222222 -0.5 -0.2 -0.75 0.0
0.5 1.0 -0.655172413793 -1.0 0.666666666667 1.0 0.0 -0.2 -0.25 0.0
0.0 0.333333333333 -0.931034482759 -1.0 1.0 1.0 0.0 -0.2 -0.75 1.0
-1.0 -1.0 0.172413793103 -0.333333333333 1.0 -0.888888888889 -0.5 -0.2 -1.0 1.0
0.0 0.333333333333 -0.862068965517 -1.0 1.0 1.0 0.0 -0.2 -1.0 1.0
0.5 1.0 -0.655172413793 -1.0 1.0 -1.0 -0.25 -0.6 -1.0 0.0
0.0 1.0 -0.724137931034 -1.0 1.0 -0.333333333333 -0.5 -0.2 -0.75 0.0
-0.5 -0.333333333333 -0.724137931034 -1.0 1.0 -0.777777777778 -0.25 -0.2 -0.75 1.0
0.0 0.333333333333 -0.655172413793 -0.333333333333 1.0 -0.888888888889 0.0 -0.2 -0.75 1.0
-0.5 -1.0 0.172413793103 0.333333333333 0.666666666667 -0.888888888889 -0.5 -0.2 0.75 1.0
0.0 1.0 -0.655172413793 -0.333333333333 1.0 -0.888888888889 0.0 -0.2 -1.0 1.0
0.5 1.0 0.172413793103 -1.0 1.0 0.888888888889 0.0 -0.2 -1.0 1.0
1.0 1.0 -0.862068965517 -1.0 1.0 0.888888888889 0.5 -0.2 -1.0 1.0
-1.0 -1.0 0.172413793103 -1.0 1.0 -0.888888888889 -0.25 0.2 -0.25 0.0
0.0 1.0 -0.931034482759 -1.0 1.0 -0.888888888889 0.0 -0.2 -1.0 1.0
1.0 1.0 -0.931034482759 -1.0 1.0 1.0 0.0 0.2 -1.0 1.0
-0.5 -0.333333333333 -0.862068965517 -1.0 1.0 -0.888888888889 -0.25 -0.6 -1.0 1.0
0.0 0.333333333333 0.172413793103 -1.0 1.0 -0.666666666667 0.0 0.2 -1.0 1.0
0.0 -1.0 0.172413793103 -1.0 -1.0 0.222222222222 -0.5 -0.2 -0.75 0.0
0.5 1.0 0.172413793103 -1.0 1.0 1.0 0.0 -0.2 -0.75 0.0
0.0 1.0 -0.724137931034 -1.0 -1.0 1.0 0.0 0.2 -0.75 0.0
0.0 -1.0 -0.655172413793 -1.0 1.0 -0.888888888889 -0.25 -0.2 -1.0 0.0
-0.5 -1.0 -0.379310344828 -1.0 1.0 1.0 -1.0 -1.0 -1.0 0.0
1.0 1.0 0.172413793103 -1.0 1.0 1.0 0.5 0.6 -1.0 1.0
0.0 0.333333333333 -0.655172413793 -1.0 1.0 -0.444444444444 -0.25 -0.2 -1.0 1.0
1.0 1.0 0.172413793103 -1.0 1.0 -0.666666666667 0.0 -0.2 -1.0 1.0
0.5 1.0 -0.655172413793 -1.0 1.0 -1.0 -0.25 -0.2 -0.75 0.0
0.5 1.0 -0.655172413793 -1.0 1.0 -0.333333333333 -0.75 -0.6 -0.75 0.0
1.0 1.0 -0.379310344828 -1.0 0.666666666667 1.0 0.25 -0.2 -0.75 0.0
0.0 1.0 -0.931034482759 -0.333333333333 1.0 -0.888888888889 0.0 -0.2 -0.75 1.0
0.0 1.0 -0.862068965517 -1.0 0.666666666667 1.0 0.0 -0.2 -1.0 1.0
0.0 0.333333333333 -0.655172413793 -1.0 1.0 1.0 -0.75 0.6 -1.0 0.0
0.0 1.0 -0.655172413793 -1.0 1.0 1.0 -0.25 -0.2 -1.0 1.0
0.0 0.333333333333 0.655172413793 -1.0 1.0 -0.666666666667 0.0 -0.2 -1.0 0.0
0.0 0.333333333333 -0.379310344828 -0.333333333333 1.0 1.0 0.0 -0.6 -1.0 1.0
0.0 -0.333333333333 0.51724137931 -1.0 0.666666666667 1.0 -0.5 0.2 -1.0 0.0
1.0 0.333333333333 -0.655172413793 -1.0 0.666666666667 1.0 0.25 -0.2 0.0 0.0
0.5 0.333333333333 -0.655172413793 -0.333333333333 0.666666666667 -0.777777777778 0.0 -0.2 -1.0 0.0
-0.5 -1.0 0.172413793103 -1.0 -1.0 1.0 0.0 -0.6 -1.0 0.0
0.5 1.0 -0.862068965517 -0.333333333333 0.666666666667 0.888888888889 0.25 -0.6 -0.75 1.0
-0.5 -0.333333333333 1.0 -1.0 1.0 1.0 0.0 -0.2 -1.0 0.0
0.0 -1.0 0.172413793103 -1.0 -1.0 1.0 -0.5 -0.2 -0.75 0.0
-0.5 -0.333333333333 0.172413793103 -1.0 1.0 -0.888888888889 -0.25 -0.2 -1.0 1.0
-0.5 -1.0 0.172413793103 -1.0 1.0 -0.888888888889 -0.25 -0.6 -1.0 1.0
1.0 0.333333333333 0.172413793103 -1.0 1.0 1.0 0.25 -0.6 -0.75 1.0
-0.5 -0.333333333333 0.172413793103 -0.333333333333 1.0 -0.333333333333 -0.5 -0.6 -0.75 1.0
1.0 1.0 -0.655172413793 -1.0 1.0 -0.888888888889 0.25 -0.6 -1.0 1.0
0.0 -1.0 0.172413793103 -0.333333333333 0.0 -0.888888888889 0.0 -0.6 -1.0 1.0
-1.0 -1.0 0.172413793103 -1.0 1.0 -0.888888888889 -0.5 -0.6 -1.0 1.0
0.5 1.0 0.172413793103 -1.0 1.0 -0.222222222222 0.0 -0.2 -1.0 0.0
0.0 -0.333333333333 -0.793103448276 0.333333333333 1.0 -0.888888888889 0.0 -0.6 -1.0 1.0
1.0 1.0 -0.655172413793 -1.0 1.0 1.0 0.5 -0.2 -0.5 0.0
0.0 -0.333333333333 0.172413793103 -1.0 1.0 -0.888888888889 0.0 -0.6 -1.0 1.0
0.0 1.0 -1.0 -0.333333333333 1.0 1.0 0.25 0.2 -1.0 1.0
0.0 0.333333333333 0.51724137931 -1.0 1.0 1.0 0.0 -0.2 0.0 0.0
1.0 1.0 -0.655172413793 -0.333333333333 0.333333333333 -0.888888888889 0.25 -0.6 -1.0 1.0
0.0 1.0 -0.931034482759 -1.0 1.0 -0.777777777778 -0.75 -0.6 -1.0 0.0
0.0 1.0 -0.172413793103 -1.0 1.0 -0.888888888889 -0.75 -0.2 -1.0 0.0
1.0 1.0 -0.379310344828 -1.0 1.0 1.0 0.25 -0.2 -0.75 1.0
0.0 0.333333333333 0.172413793103 -1.0 1.0 1.0 0.0 -0.6 -0.5 1.0
0.0 0.333333333333 -0.931034482759 -0.333333333333 0.333333333333 -0.333333333333 -0.25 -0.2 -1.0 1.0
1.0 1.0 -0.51724137931 -1.0 1.0 -0.444444444444 0.5 0.2 -1.0 1.0
1.0 0.333333333333 0.172413793103 -1.0 0.0 0.888888888889 0.0 0.6 -1.0 1.0
0.0 -0.333333333333 -0.862068965517 -1.0 0.333333333333 0.888888888889 -0.25 -0.2 -0.75 0.0
0.5 1.0 -0.862068965517 -1.0 1.0 -0.888888888889 0.25 -0.6 -0.75 1.0
-0.5 -0.333333333333 -1.0 -1.0 1.0 1.0 0.0 -0.2 -1.0 1.0
0.5 1.0 -0.655172413793 -1.0 1.0 0.888888888889 0.0 -0.2 -0.75 0.0
1.0 -0.333333333333 0.172413793103 -1.0 1.0 -0.888888888889 0.0 0.2 -0.75 1.0
0.0 0.333333333333 0.655172413793 -1.0 1.0 1.0 -0.25 -0.2 -1.0 0.0
-0.5 -1.0 0.241379310345 -1.0 1.0 -0.888888888889 -0.5 -0.6 -1.0 1.0
0.0 -0.333333333333 -0.379310344828 -0.333333333333 1.0 -0.888888888889 0.0 -0.2 0.0 1.0
0.0 1.0 -0.862068965517 -1.0 1.0 -0.888888888889 0.0 -0.2 -1.0 1.0
-0.5 -0.333333333333 1.0 -0.333333333333 0.333333333333 1.0 -0.5 -0.6 -1.0 1.0
-0.5 -0.333333333333 -0.655172413793 -0.333333333333 1.0 0.888888888889 -0.5 -0.6 -0.75 0.0
-0.5 0.333333333333 -0.724137931034 -0.333333333333 0.666666666667 -0.888888888889 -0.5 -0.6 -0.75 1.0
0.0 1.0 -0.655172413793 -0.333333333333 1.0 -0.333333333333 -0.25 -0.6 -1.0 1.0
0.5 1.0 -0.724137931034 -1.0 1.0 1.0 0.25 -0.6 -1.0 1.0
0.0 1.0 0.172413793103 -1.0 0.333333333333 -0.888888888889 0.0 -0.2 -0.25 0.0
0.5 -0.333333333333 -0.655172413793 -1.0 1.0 -0.888888888889 0.0 -0.2 -0.75 0.0
1.0 1.0 -0.655172413793 -1.0 1.0 -0.333333333333 0.0 -0.2 -1.0 1.0
0.0 0.333333333333 0.655172413793 -0.333333333333 -0.666666666667 0.222222222222 -0.75 -0.6 -1.0 0.0
0.0 0.333333333333 0.655172413793 -1.0 0.666666666667 0.111111111111 -0.75 -0.6 -1.0 0.0
0.5 1.0 -0.655172413793 -0.333333333333 1.0 -0.333333333333 -0.25 -0.2 -0.75 0.0
1.0 1.0 -0.655172413793 -0.333333333333 1.0 -0.888888888889 0.5 -0.2 0.5 0.0
0.0 1.0 -0.586206896552 -1.0 1.0 1.0 0.0 -0.2 -1.0 1.0
-0.5 -1.0 -0.793103448276 -1.0 1.0 1.0 -0.75 0.2 -0.25 0.0
-0.5 -0.333333333333 1.0 -1.0 1.0 1.0 -0.25 0.2 -0.75 0.0
