0.111111 0.388889 0.5 0.888889 1.77778 0.2 0.4 0.4 0.8 1.8 0.25 0.25 0.5 0.75 2.0 0.333333 0.333333 0.333333 0.666667 1.66667 0.5 0.0 0.5 1.0 2.5 0.0 0.0 1.0 0.0 4.0 0.222222 0.166667 0.611111 1.05556 1.61111 0.2 0.2 0.6 1.0 1.2 0.0 0.25 0.75 0.75 1.5 0.0 0.0 1.0 0.666667 1.66667 0.0 0.0 1.0 0.5 1.5 0.0 0.0 1.0 0.0 1.0 1.0 0.0 0.0
0.333333 0.2 0.466667 1.4 1.4 0.4 0.2 0.4 1.6 1.6 0.25 0.25 0.5 1.25 1.75 0.0 0.333333 0.666667 1.0 2.0 0.0 0.5 0.5 0.5 1.5 0.0 0.0 1.0 0.0 2.0 0.266667 0.266667 0.466667 1.26667 1.6 0.6 0.2 0.2 1.8 0.8 0.5 0.25 0.25 1.75 1.0 0.666667 0.333333 0.0 2.0 0.333333 0.5 0.5 0.0 2.0 0.5 1.0 0.0 0.0 3.0 0.0 0.0 0.0 1.0
0.35 0.25 0.4 1.4 1.55 0.6 0.2 0.2 1.8 1.4 0.5 0.25 0.25 2.0 1.75 0.666667 0.0 0.333333 2.33333 2.0 0.5 0.0 0.5 2.0 2.0 0.0 0.0 1.0 1.0 2.0 0.45 0.25 0.3 1.6 1.4 0.6 0.4 0.0 1.8 0.6 0.75 0.25 0.0 2.0 0.5 0.666667 0.333333 0.0 2.33333 0.666667 0.5 0.5 0.0 2.5 0.5 0.0 1.0 0.0 1.0 1.0 1.0 0.0 0.0
0.423077 0.230769 0.346154 1.76923 1.5 0.0 0.4 0.6 0.8 1.4 0.0 0.5 0.5 1.0 1.5 0.0 0.333333 0.666667 1.0 1.66667 0.0 0.0 1.0 1.0 2.0 0.0 0.0 1.0 1.0 2.0 0.269231 0.307692 0.423077 0.961538 1.42308 0.2 0.4 0.4 1.2 1.6 0.25 0.5 0.25 1.5 1.25 0.333333 0.333333 0.333333 1.66667 1.33333 0.5 0.0 0.5 2.0 1.5 0.0 0.0 1.0 2.0 3.0 0.0 1.0 0.0
0.823529 0.0588235 0.117647 2.61765 0.882353 0.8 0.0 0.2 1.6 0.8 0.75 0.0 0.25 1.5 1.0 1.0 0.0 0.0 2.0 0.666667 1.0 0.0 0.0 2.0 0.5 1.0 0.0 0.0 2.0 1.0 0.294118 0.264706 0.441176 0.882353 1.14706 0.2 0.4 0.4 0.8 1.4 0.25 0.5 0.25 1.0 1.0 0.0 0.666667 0.333333 0.666667 1.33333 0.0 0.5 0.5 0.0 1.0 0.0 1.0 0.0 0.0 0.0 1.0 0.0 0.0
0.210526 0.263158 0.526316 0.842105 1.89474 0.0 0.6 0.4 0.4 1.8 0.0 0.5 0.5 0.25 2.0 0.0 0.666667 0.333333 0.333333 2.0 0.0 1.0 0.0 0.5 0.5 0.0 1.0 0.0 0.0 0.0 0.157895 0.263158 0.578947 1.05263 2.15789 0.0 0.4 0.6 0.6 2.4 0.0 0.5 0.5 0.75 1.5 0.0 0.333333 0.666667 1.0 2.0 0.0 0.5 0.5 1.0 2.0 0.0 0.0 1.0 2.0 4.0 0.0 0.0 1.0
0.333333 0.222222 0.444444 1.27778 1.55556 0.6 0.2 0.2 1.2 0.8 0.5 0.25 0.25 1.0 0.75 0.333333 0.333333 0.333333 0.666667 0.666667 0.5 0.0 0.5 0.5 0.5 0.0 0.0 1.0 0.0 1.0 0.5 0.194444 0.305556 2.02778 1.55556 0.8 0.0 0.2 2.0 1.6 1.0 0.0 0.0 2.25 0.75 1.0 0.0 0.0 2.0 0.666667 1.0 0.0 0.0 2.0 1.0 1.0 0.0 0.0 1.0 0.0 0.0 0.0 1.0
0.428571 0.285714 0.285714 2.0 1.0 0.6 0.2 0.2 2.4 0.8 0.5 0.25 0.25 2.25 1.0 0.666667 0.333333 0.0 3.0 1.0 0.5 0.5 0.0 3.5 1.5 0.0 1.0 0.0 2.0 2.0 0.428571 0.0 0.571429 1.28571 1.14286 0.6 0.0 0.4 1.6 1.0 0.5 0.0 0.5 1.5 1.25 0.666667 0.0 0.333333 1.66667 1.0 0.5 0.0 0.5 1.5 1.0 1.0 0.0 0.0 2.0 0.0 1.0 0.0 0.0
0.75 0.1875 0.0625 2.9375 0.75 1.0 0.0 0.0 3.0 0.8 1.0 0.0 0.0 3.25 1.0 1.0 0.0 0.0 2.66667 0.333333 1.0 0.0 0.0 3.0 0.5 1.0 0.0 0.0 4.0 1.0 0.34375 0.3125 0.34375 1.0625 1.25 0.6 0.2 0.2 1.2 0.8 0.5 0.25 0.25 1.25 1.0 0.666667 0.0 0.333333 1.66667 1.33333 0.5 0.0 0.5 1.0 1.5 1.0 0.0 0.0 2.0 0.0 1.0 0.0 0.0
0.333333 0.333333 0.333333 1.33333 1.5 0.2 0.4 0.4 1.0 1.8 0.25 0.5 0.25 1.25 1.0 0.333333 0.333333 0.333333 1.0 0.666667 0.5 0.5 0.0 1.5 0.5 0.0 1.0 0.0 1.0 1.0 0.166667 0.5 0.333333 0.833333 1.83333 0.2 0.4 0.4 1.0 2.2 0.25 0.5 0.25 1.25 1.25 0.333333 0.333333 0.333333 1.66667 1.66667 0.0 0.5 0.5 1.5 2.0 0.0 1.0 0.0 0.0 0.0 0.0 1.0 0.0
0.176471 0.294118 0.529412 0.882353 1.52941 0.0 0.4 0.6 1.0 1.6 0.0 0.5 0.5 1.25 1.75 0.0 0.333333 0.666667 1.33333 2.0 0.0 0.5 0.5 1.5 2.0 0.0 1.0 0.0 1.0 1.0 0.294118 0.235294 0.470588 1.0 1.47059 0.2 0.2 0.6 0.6 1.0 0.25 0.25 0.5 0.75 1.0 0.333333 0.333333 0.333333 0.666667 0.666667 0.5 0.0 0.5 0.5 0.5 1.0 0.0 0.0 1.0 0.0 0.0 1.0 0.0
0.421053 0.157895 0.421053 1.47368 1.52632 0.4 0.2 0.4 1.2 1.8 0.25 0.25 0.5 1.25 2.25 0.0 0.333333 0.666667 0.666667 2.33333 0.0 0.5 0.5 0.0 2.0 0.0 0.0 1.0 0.0 4.0 0.578947 0.0526316 0.368421 1.31579 1.31579 0.4 0.0 0.6 1.8 2.0 0.5 0.0 0.5 2.0 2.0 0.666667 0.0 0.333333 2.33333 1.0 1.0 0.0 0.0 3.0 0.5 1.0 0.0 0.0 2.0 1.0 0.0 0.0 1.0
0.636364 0.181818 0.181818 2.54545 1.54545 0.6 0.2 0.2 2.0 1.6 0.5 0.25 0.25 2.0 1.75 0.333333 0.333333 0.333333 1.66667 1.66667 0.5 0.0 0.5 2.0 2.0 0.0 0.0 1.0 0.0 1.0 0.0909091 0.363636 0.545455 0.454545 1.54545 0.0 0.6 0.4 0.6 1.2 0.0 0.5 0.5 0.5 1.25 0.0 0.333333 0.666667 0.333333 1.33333 0.0 0.0 1.0 0.0 1.5 0.0 0.0 1.0 0.0 2.0 1.0 0.0 0.0
0.324324 0.243243 0.432432 1.08108 1.35135 0.0 0.6 0.4 0.8 1.6 0.0 0.75 0.25 0.75 1.0 0.0 0.666667 0.333333 1.0 1.33333 0.0 1.0 0.0 0.5 0.5 0.0 1.0 0.0 0.0 0.0 0.297297 0.243243 0.459459 1.02703 1.40541 0.6 0.0 0.4 1.4 1.4 0.5 0.0 0.5 1.5 1.75 0.333333 0.0 0.666667 1.0 1.66667 0.5 0.0 0.5 1.0 1.0 1.0 0.0 0.0 1.0 0.0 0.0 0.0 1.0
0.8125 0.0625 0.125 2.65625 0.90625 0.8 0.0 0.2 2.2 1.4 0.75 0.0 0.25 1.75 1.25 0.666667 0.0 0.333333 1.33333 1.0 0.5 0.0 0.5 1.0 1.5 1.0 0.0 0.0 2.0 1.0 0.53125 0.25 0.21875 1.625 1.09375 0.6 0.0 0.4 1.6 1.2 0.5 0.0 0.5 1.75 1.5 0.666667 0.0 0.333333 2.33333 1.0 0.5 0.0 0.5 2.0 1.5 1.0 0.0 0.0 2.0 0.0 1.0 0.0 0.0
0.172414 0.37931 0.448276 1.03448 1.65517 0.2 0.4 0.4 1.2 1.6 0.25 0.5 0.25 1.25 1.25 0.333333 0.333333 0.333333 1.33333 1.33333 0.0 0.5 0.5 1.0 1.5 0.0 0.0 1.0 0.0 1.0 0.448276 0.103448 0.448276 1.51724 1.41379 0.2 0.2 0.6 1.2 1.4 0.25 0.25 0.5 1.25 1.25 0.333333 0.333333 0.333333 1.33333 1.0 0.0 0.5 0.5 1.0 1.5 0.0 0.0 1.0 0.0 1.0 0.0 0.0 1.0
0.75 0.166667 0.0833333 3.0 0.75 0.8 0.0 0.2 3.6 0.8 0.75 0.0 0.25 3.5 0.75 0.666667 0.0 0.333333 3.33333 1.0 0.5 0.0 0.5 4.0 1.0 1.0 0.0 0.0 7.0 0.0 0.333333 0.25 0.416667 1.25 1.41667 0.2 0.2 0.6 1.4 2.0 0.25 0.0 0.75 1.25 2.0 0.333333 0.0 0.666667 1.66667 2.0 0.0 0.0 1.0 0.5 3.0 0.0 0.0 1.0 0.0 3.0 1.0 0.0 0.0
0.384615 0.153846 0.461538 1.03846 1.34615 0.4 0.2 0.4 0.8 1.2 0.5 0.0 0.5 0.75 1.25 0.333333 0.0 0.666667 0.666667 1.66667 0.5 0.0 0.5 1.0 2.0 1.0 0.0 0.0 2.0 1.0 0.576923 0.230769 0.192308 1.53846 1.03846 0.6 0.2 0.2 1.2 0.6 0.5 0.25 0.25 1.0 0.75 0.333333 0.333333 0.333333 0.666667 0.666667 0.5 0.0 0.5 1.0 1.0 0.0 0.0 1.0 0.0 1.0 0.0 0.0 1.0
0.32 0.28 0.4 1.24 1.4 0.6 0.2 0.2 1.6 0.6 0.75 0.0 0.25 2.0 0.75 0.666667 0.0 0.333333 1.66667 0.333333 0.5 0.0 0.5 0.5 0.5 0.0 0.0 1.0 0.0 1.0 0.36 0.24 0.4 1.36 1.32 0.2 0.4 0.4 1.0 1.6 0.25 0.5 0.25 1.0 1.5 0.333333 0.333333 0.333333 0.666667 1.33333 0.5 0.0 0.5 1.0 2.0 1.0 0.0 0.0 2.0 1.0 0.0 1.0 0.0
0.333333 0.222222 0.444444 0.944444 1.30556 0.0 0.2 0.8 0.2 1.6 0.0 0.25 0.75 0.25 1.25 0.0 0.0 1.0 0.333333 1.66667 0.0 0.0 1.0 0.5 2.0 0.0 0.0 1.0 1.0 3.0 0.472222 0.222222 0.305556 1.58333 1.19444 0.4 0.4 0.2 1.6 1.4 0.5 0.25 0.25 1.75 1.5 0.333333 0.333333 0.333333 1.66667 2.0 0.5 0.0 0.5 2.0 2.5 0.0 0.0 1.0 1.0 4.0 1.0 0.0 0.0
0.235294 0.352941 0.411765 0.941176 1.35294 0.2 0.2 0.6 0.8 1.2 0.0 0.25 0.75 0.75 1.5 0.0 0.333333 0.666667 0.666667 1.33333 0.0 0.5 0.5 1.0 1.5 0.0 0.0 1.0 1.0 2.0 0.588235 0.235294 0.176471 1.58824 1.0 0.6 0.0 0.4 1.8 1.4 0.75 0.0 0.25 1.75 1.0 0.666667 0.0 0.333333 1.66667 1.0 0.5 0.0 0.5 1.5 1.0 1.0 0.0 0.0 2.0 0.0 0.0 1.0 0.0
0.4 0.2 0.4 1.1 1.15 0.4 0.4 0.2 1.6 1.2 0.25 0.5 0.25 1.0 1.0 0.0 0.666667 0.333333 0.666667 1.0 0.0 0.5 0.5 0.5 1.0 0.0 0.0 1.0 1.0 2.0 0.3 0.35 0.35 0.9 1.2 0.4 0.2 0.4 0.8 0.8 0.25 0.25 0.5 0.75 1.0 0.333333 0.333333 0.333333 0.666667 0.666667 0.5 0.0 0.5 1.0 1.0 1.0 0.0 0.0 1.0 0.0 1.0 0.0 0.0
0.5625 0.1875 0.25 1.6875 0.9375 0.2 0.4 0.4 1.2 1.4 0.25 0.25 0.5 1.0 1.25 0.333333 0.0 0.666667 1.0 1.33333 0.0 0.0 1.0 1.0 2.0 0.0 0.0 1.0 1.0 2.0 0.25 0.25 0.5 1.1875 1.5625 0.6 0.0 0.4 1.8 1.0 0.75 0.0 0.25 2.25 1.0 0.666667 0.0 0.333333 1.66667 1.33333 0.5 0.0 0.5 1.0 1.0 1.0 0.0 0.0 2.0 0.0 0.0 0.0 1.0
0.212121 0.30303 0.484848 1.33333 1.9697 0.6 0.4 0.0 2.4 1.2 0.5 0.5 0.0 2.25 1.0 0.333333 0.666667 0.0 2.0 0.666667 0.0 1.0 0.0 1.0 1.0 0.0 1.0 0.0 1.0 1.0 0.636364 0.151515 0.212121 1.75758 0.818182 0.4 0.4 0.2 1.6 0.6 0.5 0.25 0.25 1.75 0.5 0.666667 0.0 0.333333 2.33333 0.666667 0.5 0.0 0.5 1.0 1.0 0.0 0.0 1.0 1.0 2.0 0.0 1.0 0.0
0.5 0.0416667 0.458333 1.25 1.45833 0.2 0.0 0.8 1.0 2.0 0.0 0.0 1.0 0.5 2.25 0.0 0.0 1.0 0.666667 2.66667 0.0 0.0 1.0 0.0 2.5 0.0 0.0 1.0 0.0 4.0 0.458333 0.0416667 0.5 1.45833 1.54167 0.6 0.0 0.4 1.2 1.2 0.75 0.0 0.25 1.25 1.0 0.666667 0.0 0.333333 1.0 1.33333 1.0 0.0 0.0 1.0 0.0 1.0 0.0 0.0 1.0 0.0 1.0 0.0 0.0
0.538462 0.230769 0.230769 1.46154 0.923077 0.4 0.0 0.6 1.6 1.8 0.25 0.0 0.75 1.25 2.25 0.0 0.0 1.0 0.666667 2.33333 0.0 0.0 1.0 1.0 2.5 0.0 0.0 1.0 2.0 3.0 0.230769 0.230769 0.538462 0.923077 1.53846 0.6 0.4 0.0 1.8 1.0 0.5 0.5 0.0 1.75 1.25 0.333333 0.666667 0.0 1.66667 1.33333 0.5 0.5 0.0 2.0 1.5 1.0 0.0 0.0 2.0 1.0 1.0 0.0 0.0
0.230769 0.192308 0.576923 0.961538 1.38462 0.2 0.0 0.8 0.8 2.0 0.25 0.0 0.75 1.0 2.25 0.333333 0.0 0.666667 1.33333 2.66667 0.5 0.0 0.5 1.5 2.5 0.0 0.0 1.0 1.0 4.0 0.653846 0.153846 0.192308 2.46154 0.923077 0.8 0.0 0.2 2.0 0.8 1.0 0.0 0.0 2.5 0.75 1.0 0.0 0.0 2.0 0.666667 1.0 0.0 0.0 2.0 1.0 1.0 0.0 0.0 2.0 1.0 0.0 0.0 1.0
0.34375 0.1875 0.46875 1.03125 1.40625 0.2 0.4 0.4 1.0 1.6 0.25 0.25 0.5 1.0 1.75 0.0 0.333333 0.666667 1.0 2.33333 0.0 0.5 0.5 1.0 2.5 0.0 0.0 1.0 0.0 3.0 0.3125 0.21875 0.46875 1.34375 1.59375 0.2 0.2 0.6 1.4 2.0 0.25 0.0 0.75 1.25 2.0 0.333333 0.0 0.666667 1.33333 2.0 0.5 0.0 0.5 1.0 1.0 1.0 0.0 0.0 1.0 0.0 1.0 0.0 0.0
0.586207 0.206897 0.206897 1.48276 0.896552 0.8 0.2 0.0 2.2 1.0 0.75 0.25 0.0 2.25 1.0 0.666667 0.333333 0.0 2.33333 1.0 1.0 0.0 0.0 2.5 0.5 1.0 0.0 0.0 1.0 0.0 0.241379 0.344828 0.413793 1.34483 1.58621 0.2 0.0 0.8 1.0 2.0 0.25 0.0 0.75 1.0 2.0 0.333333 0.0 0.666667 1.0 2.0 0.5 0.0 0.5 1.5 2.5 0.0 0.0 1.0 1.0 4.0 0.0 0.0 1.0
0.285714 0.428571 0.285714 0.714286 0.857143 0.2 0.6 0.2 0.6 0.8 0.25 0.5 0.25 0.75 1.0 0.333333 0.333333 0.333333 1.0 1.33333 0.5 0.5 0.0 0.5 0.0 0.0 1.0 0.0 0.0 0.0 0.285714 0.0 0.714286 1.42857 3.0 0.4 0.0 0.6 1.2 3.0 0.5 0.0 0.5 1.25 2.25 0.666667 0.0 0.333333 1.33333 0.666667 1.0 0.0 0.0 2.0 0.5 1.0 0.0 0.0 2.0 1.0 0.0 0.0 1.0
0.111111 0.388889 0.5 0.888889 1.72222 0.2 0.2 0.6 1.4 2.2 0.25 0.0 0.75 1.5 2.5 0.0 0.0 1.0 1.0 3.0 0.0 0.0 1.0 0.5 3.0 0.0 0.0 1.0 1.0 4.0 0.833333 0.111111 0.0555556 2.55556 0.888889 1.0 0.0 0.0 2.6 1.0 1.0 0.0 0.0 2.75 1.25 1.0 0.0 0.0 2.66667 1.33333 1.0 0.0 0.0 3.5 2.0 1.0 0.0 0.0 4.0 2.0 0.0 1.0 0.0
0.433333 0.233333 0.333333 1.56667 1.56667 0.4 0.2 0.4 1.2 2.0 0.25 0.25 0.5 1.0 2.25 0.333333 0.0 0.666667 0.666667 2.33333 0.5 0.0 0.5 1.0 0.5 1.0 0.0 0.0 2.0 0.0 0.3 0.266667 0.433333 1.2 1.6 0.4 0.4 0.2 2.2 1.6 0.5 0.25 0.25 2.0 1.25 0.666667 0.0 0.333333 1.66667 0.666667 0.5 0.0 0.5 1.5 1.0 1.0 0.0 0.0 2.0 0.0 0.0 1.0 0.0
0.125 0.625 0.25 0.875 2.0 0.0 0.6 0.4 0.8 2.8 0.0 0.75 0.25 1.0 1.5 0.0 0.666667 0.333333 1.33333 2.0 0.0 0.5 0.5 1.5 2.5 0.0 0.0 1.0 1.0 3.0 0.25 0.5 0.25 1.125 1.625 0.4 0.4 0.2 1.8 1.4 0.25 0.5 0.25 1.75 1.5 0.333333 0.666667 0.0 1.33333 0.666667 0.5 0.5 0.0 2.0 1.0 1.0 0.0 0.0 2.0 0.0 1.0 0.0 0.0
0.470588 0.0588235 0.470588 1.29412 1.88235 0.6 0.0 0.4 1.2 0.6 0.5 0.0 0.5 1.0 0.75 0.666667 0.0 0.333333 1.33333 0.666667 1.0 0.0 0.0 2.0 0.0 1.0 0.0 0.0 3.0 0.0 0.411765 0.176471 0.411765 1.23529 1.47059 0.4 0.4 0.2 1.4 1.2 0.25 0.5 0.25 1.25 1.5 0.0 0.666667 0.333333 1.33333 2.0 0.0 0.5 0.5 1.5 2.5 0.0 0.0 1.0 2.0 4.0 1.0 0.0 0.0
0.266667 0.2 0.533333 1.13333 1.6 0.4 0.2 0.4 1.4 1.2 0.5 0.25 0.25 1.75 1.25 0.333333 0.333333 0.333333 1.33333 1.33333 0.5 0.5 0.0 1.5 0.5 0.0 1.0 0.0 1.0 1.0 0.466667 0.0666667 0.466667 1.53333 1.73333 0.6 0.0 0.4 1.0 1.6 0.5 0.0 0.5 1.0 2.0 0.666667 0.0 0.333333 1.0 1.0 0.5 0.0 0.5 1.0 1.5 1.0 0.0 0.0 2.0 1.0 0.0 0.0 1.0
0.333333 0.166667 0.5 1.22222 1.52778 0.0 0.4 0.6 0.4 1.2 0.0 0.5 0.5 0.5 1.0 0.0 0.333333 0.666667 0.666667 1.33333 0.0 0.5 0.5 1.0 1.5 0.0 0.0 1.0 2.0 3.0 0.333333 0.0277778 0.638889 1.19444 2.13889 0.2 0.2 0.6 1.0 2.2 0.25 0.25 0.5 1.25 2.0 0.333333 0.333333 0.333333 1.33333 1.66667 0.5 0.0 0.5 1.5 2.0 1.0 0.0 0.0 2.0 1.0 0.0 0.0 1.0
0.235294 0.176471 0.588235 1.11765 1.64706 0.2 0.2 0.6 1.2 1.6 0.25 0.25 0.5 1.25 1.25 0.0 0.333333 0.666667 1.0 1.66667 0.0 0.0 1.0 1.0 2.0 0.0 0.0 1.0 1.0 2.0 0.529412 0.235294 0.235294 1.52941 1.17647 0.6 0.2 0.2 1.8 1.6 0.5 0.25 0.25 1.75 1.75 0.666667 0.333333 0.0 2.33333 1.66667 1.0 0.0 0.0 2.0 1.0 1.0 0.0 0.0 2.0 1.0 0.0 0.0 1.0
0.181818 0.181818 0.636364 0.363636 1.36364 0.2 0.2 0.6 0.4 1.0 0.25 0.25 0.5 0.5 1.0 0.333333 0.0 0.666667 0.666667 1.33333 0.5 0.0 0.5 1.0 1.0 1.0 0.0 0.0 2.0 1.0 0.0909091 0.454545 0.454545 0.727273 1.54545 0.2 0.4 0.4 0.8 1.4 0.25 0.25 0.5 0.75 1.5 0.333333 0.333333 0.333333 1.0 1.0 0.5 0.5 0.0 1.5 1.0 1.0 0.0 0.0 1.0 0.0 0.0 1.0 0.0
0.333333 0.166667 0.5 1.0 1.33333 0.4 0.2 0.4 1.2 0.8 0.5 0.0 0.5 1.5 1.0 0.666667 0.0 0.333333 2.0 1.0 1.0 0.0 0.0 3.0 0.5 1.0 0.0 0.0 4.0 0.0 0.333333 0.5 0.166667 1.16667 1.0 0.2 0.6 0.2 1.0 1.0 0.25 0.5 0.25 1.25 1.25 0.333333 0.333333 0.333333 1.33333 1.33333 0.5 0.5 0.0 1.5 1.0 0.0 1.0 0.0 2.0 2.0 1.0 0.0 0.0
0.444444 0.222222 0.333333 1.33333 1.33333 0.4 0.4 0.2 1.8 1.4 0.5 0.25 0.25 2.25 1.75 0.666667 0.0 0.333333 2.66667 2.0 0.5 0.0 0.5 3.5 3.0 0.0 0.0 1.0 2.0 3.0 0.259259 0.296296 0.444444 1.37037 1.59259 0.0 0.8 0.2 1.6 2.6 0.0 0.75 0.25 1.5 2.75 0.0 1.0 0.0 1.66667 1.66667 0.0 1.0 0.0 1.5 1.5 0.0 1.0 0.0 0.0 0.0 0.0 1.0 0.0
0.352941 0.117647 0.529412 1.05882 1.35294 0.4 0.0 0.6 1.4 1.4 0.5 0.0 0.5 1.75 1.5 0.666667 0.0 0.333333 1.66667 1.0 1.0 0.0 0.0 2.0 0.5 1.0 0.0 0.0 2.0 0.0 0.235294 0.176471 0.588235 0.941176 1.76471 0.4 0.0 0.6 1.2 2.2 0.25 0.0 0.75 1.0 2.5 0.333333 0.0 0.666667 1.33333 2.0 0.5 0.0 0.5 2.0 1.5 0.0 0.0 1.0 1.0 2.0 1.0 0.0 0.0
0.142857 0.464286 0.392857 0.821429 1.46429 0.0 0.2 0.8 0.8 2.8 0.0 0.25 0.75 1.0 2.5 0.0 0.0 1.0 1.0 3.0 0.0 0.0 1.0 0.5 2.5 0.0 0.0 1.0 1.0 3.0 0.285714 0.321429 0.392857 1.0 1.17857 0.4 0.2 0.4 1.0 1.0 0.25 0.25 0.5 0.75 1.25 0.0 0.333333 0.666667 0.333333 1.33333 0.0 0.0 1.0 0.0 1.5 0.0 0.0 1.0 0.0 2.0 0.0 0.0 1.0
0.294118 0.352941 0.352941 0.882353 1.17647 0.4 0.2 0.4 0.8 1.0 0.5 0.25 0.25 1.0 1.0 0.333333 0.333333 0.333333 1.0 1.33333 0.5 0.5 0.0 1.5 1.0 1.0 0.0 0.0 2.0 1.0 0.882353 0.0588235 0.0588235 3.11765 0.588235 1.0 0.0 0.0 4.0 0.4 1.0 0.0 0.0 3.75 0.5 1.0 0.0 0.0 4.0 0.666667 1.0 0.0 0.0 3.5 1.0 1.0 0.0 0.0 2.0 1.0 0.0 0.0 1.0
0.714286 0.214286 0.0714286 2.89286 0.714286 1.0 0.0 0.0 2.8 0.6 1.0 0.0 0.0 2.25 0.5 1.0 0.0 0.0 2.33333 0.333333 1.0 0.0 0.0 2.0 0.0 1.0 0.0 0.0 2.0 0.0 0.357143 0.142857 0.5 0.928571 1.39286 0.4 0.0 0.6 1.4 1.4 0.25 0.0 0.75 0.75 1.5 0.333333 0.0 0.666667 0.666667 1.33333 0.5 0.0 0.5 1.0 1.5 1.0 0.0 0.0 2.0 1.0 1.0 0.0 0.0
0.833333 0.0666667 0.1 2.76667 0.866667 1.0 0.0 0.0 3.2 1.2 1.0 0.0 0.0 3.0 1.25 1.0 0.0 0.0 3.0 1.33333 1.0 0.0 0.0 2.5 1.0 1.0 0.0 0.0 2.0 0.0 0.8 0.166667 0.0333333 2.5 0.633333 1.0 0.0 0.0 2.8 0.6 1.0 0.0 0.0 2.75 0.75 1.0 0.0 0.0 2.33333 0.333333 1.0 0.0 0.0 2.5 0.5 1.0 0.0 0.0 4.0 1.0 0.0 0.0 1.0
0.83871 0.0967742 0.0645161 3.16129 1.06452 0.8 0.2 0.0 3.0 0.6 0.75 0.25 0.0 3.25 0.75 0.666667 0.333333 0.0 3.33333 0.666667 1.0 0.0 0.0 4.0 0.0 1.0 0.0 0.0 3.0 0.0 0.354839 0.225806 0.419355 1.12903 1.6129 0.2 0.4 0.4 0.6 2.0 0.25 0.25 0.5 0.75 2.5 0.333333 0.0 0.666667 0.666667 3.0 0.0 0.0 1.0 0.5 4.5 0.0 0.0 1.0 0.0 4.0 1.0 0.0 0.0
0.941176 0.0588235 0.0 3.35294 1.11765 1.0 0.0 0.0 3.6 0.8 1.0 0.0 0.0 3.5 1.0 1.0 0.0 0.0 3.0 1.0 1.0 0.0 0.0 3.5 1.0 1.0 0.0 0.0 3.0 1.0 0.176471 0.352941 0.470588 1.11765 1.52941 0.2 0.6 0.2 1.2 1.2 0.25 0.75 0.0 1.5 1.0 0.333333 0.666667 0.0 2.0 1.33333 0.5 0.5 0.0 2.0 1.0 1.0 0.0 0.0 2.0 0.0 1.0 0.0 0.0
0.1875 0.21875 0.59375 0.96875 1.90625 0.0 0.2 0.8 1.0 2.0 0.0 0.25 0.75 1.0 2.0 0.0 0.333333 0.666667 0.666667 1.66667 0.0 0.0 1.0 0.5 2.0 0.0 0.0 1.0 0.0 2.0 0.4375 0.1875 0.375 1.375 1.3125 0.6 0.2 0.2 1.4 0.8 0.5 0.25 0.25 1.5 1.0 0.333333 0.333333 0.333333 1.0 1.0 0.5 0.5 0.0 1.5 0.5 1.0 0.0 0.0 2.0 0.0 1.0 0.0 0.0
0.212121 0.212121 0.575758 1.09091 2.0303 0.2 0.2 0.6 1.2 2.4 0.25 0.25 0.5 1.0 2.25 0.333333 0.333333 0.333333 1.33333 1.33333 0.0 0.5 0.5 1.5 2.0 0.0 0.0 1.0 2.0 3.0 0.333333 0.212121 0.454545 1.06061 1.57576 0.2 0.0 0.8 0.4 2.2 0.0 0.0 1.0 0.25 2.75 0.0 0.0 1.0 0.0 2.0 0.0 0.0 1.0 0.0 1.0 0.0 0.0 1.0 0.0 1.0 0.0 1.0 0.0
0.419355 0.322581 0.258065 1.45161 1.35484 0.2 0.2 0.6 0.8 1.6 0.25 0.25 0.5 0.5 1.25 0.0 0.333333 0.666667 0.0 1.66667 0.0 0.5 0.5 0.0 1.0 0.0 1.0 0.0 0.0 0.0 0.225806 0.290323 0.483871 0.870968 1.41935 0.0 0.2 0.8 0.4 1.4 0.0 0.0 1.0 0.25 1.5 0.0 0.0 1.0 0.0 1.33333 0.0 0.0 1.0 0.0 1.5 0.0 0.0 1.0 0.0 1.0 1.0 0.0 0.0
0.230769 0.230769 0.538462 1.0 1.69231 0.0 0.2 0.8 0.6 2.6 0.0 0.25 0.75 0.75 2.0 0.0 0.333333 0.666667 1.0 2.33333 0.0 0.5 0.5 0.5 1.5 0.0 0.0 1.0 0.0 2.0 0.384615 0.0 0.615385 1.15385 1.69231 0.4 0.0 0.6 1.6 2.4 0.25 0.0 0.75 1.5 2.75 0.333333 0.0 0.666667 2.0 2.33333 0.0 0.0 1.0 0.5 2.0 0.0 0.0 1.0 0.0 1.0 0.0 1.0 0.0
0.238095 0.142857 0.619048 1.0 1.95238 0.2 0.0 0.8 1.2 2.6 0.25 0.0 0.75 1.25 2.75 0.333333 0.0 0.666667 1.66667 3.0 0.0 0.0 1.0 1.5 4.0 0.0 0.0 1.0 1.0 5.0 0.285714 0.428571 0.285714 1.04762 1.71429 0.2 0.2 0.6 0.4 1.6 0.0 0.25 0.75 0.0 1.75 0.0 0.0 1.0 0.0 2.33333 0.0 0.0 1.0 0.0 2.5 0.0 0.0 1.0 0.0 1.0 0.0 1.0 0.0
0.28125 0.3125 0.40625 0.96875 1.46875 0.4 0.2 0.4 1.2 1.6 0.5 0.25 0.25 1.25 1.25 0.333333 0.333333 0.333333 1.0 1.33333 0.0 0.5 0.5 0.5 1.5 0.0 0.0 1.0 0.0 2.0 0.28125 0.1875 0.53125 1.3125 1.9375 0.6 0.2 0.2 1.6 0.6 0.5 0.25 0.25 1.5 0.75 0.333333 0.333333 0.333333 1.33333 1.0 0.5 0.5 0.0 1.5 0.0 1.0 0.0 0.0 3.0 0.0 0.0 0.0 1.0
0.363636 0.181818 0.454545 1.12121 1.39394 0.6 0.2 0.2 1.6 1.4 0.5 0.25 0.25 1.75 1.75 0.333333 0.333333 0.333333 1.33333 2.0 0.5 0.0 0.5 1.5 2.5 0.0 0.0 1.0 1.0 4.0 0.30303 0.333333 0.363636 0.939394 1.12121 0.8 0.0 0.2 1.0 0.4 0.75 0.0 0.25 1.0 0.5 0.666667 0.0 0.333333 1.0 0.666667 0.5 0.0 0.5 1.0 1.0 1.0 0.0 0.0 1.0 0.0 0.0 1.0 0.0
0.368421 0.105263 0.526316 1.42105 1.57895 0.2 0.0 0.8 1.6 2.0 0.0 0.0 1.0 1.25 2.5 0.0 0.0 1.0 0.666667 2.0 0.0 0.0 1.0 1.0 2.5 0.0 0.0 1.0 1.0 3.0 0.157895 0.315789 0.526316 0.894737 1.68421 0.0 0.4 0.6 1.2 2.4 0.0 0.5 0.5 1.25 2.5 0.0 0.666667 0.333333 1.0 2.33333 0.0 0.5 0.5 1.0 3.0 0.0 0.0 1.0 0.0 4.0 0.0 1.0 0.0
0.2 0.6 0.2 1.2 1.8 0.2 0.6 0.2 1.8 1.6 0.25 0.5 0.25 2.0 1.75 0.333333 0.333333 0.333333 2.0 1.66667 0.5 0.5 0.0 2.5 1.0 0.0 1.0 0.0 2.0 2.0 0.7 0.3 0.0 1.7 0.5 1.0 0.0 0.0 2.6 0.6 1.0 0.0 0.0 2.5 0.5 1.0 0.0 0.0 3.0 0.666667 1.0 0.0 0.0 3.0 1.0 1.0 0.0 0.0 3.0 2.0 1.0 0.0 0.0
0.464286 0.142857 0.392857 1.39286 1.5 0.4 0.2 0.4 1.6 1.6 0.5 0.25 0.25 2.0 1.75 0.333333 0.333333 0.333333 1.66667 2.33333 0.5 0.0 0.5 1.0 2.0 0.0 0.0 1.0 0.0 3.0 0.428571 0.214286 0.357143 1.35714 1.57143 0.8 0.2 0.0 1.8 0.4 0.75 0.25 0.0 1.5 0.25 0.666667 0.333333 0.0 1.0 0.0 0.5 0.5 0.0 0.5 0.0 1.0 0.0 0.0 1.0 0.0 0.0 1.0 0.0
0.142857 0.142857 0.714286 1.0 1.57143 0.2 0.2 0.6 1.2 1.4 0.25 0.25 0.5 1.5 1.25 0.333333 0.0 0.666667 1.66667 1.33333 0.5 0.0 0.5 2.0 0.5 0.0 0.0 1.0 0.0 1.0 0.571429 0.0 0.428571 1.71429 1.85714 0.6 0.0 0.4 1.2 1.6 0.75 0.0 0.25 1.0 1.0 0.666667 0.0 0.333333 1.0 1.33333 0.5 0.0 0.5 1.0 2.0 1.0 0.0 0.0 2.0 0.0 0.0 1.0 0.0
0.318182 0.181818 0.5 1.13636 1.5 0.6 0.0 0.4 1.6 1.4 0.5 0.0 0.5 1.5 1.5 0.333333 0.0 0.666667 1.33333 1.66667 0.5 0.0 0.5 2.0 2.0 1.0 0.0 0.0 2.0 1.0 0.318182 0.318182 0.363636 1.04545 1.27273 0.2 0.6 0.2 0.8 0.8 0.25 0.5 0.25 1.0 1.0 0.333333 0.333333 0.333333 1.0 1.0 0.5 0.0 0.5 1.0 1.0 0.0 0.0 1.0 0.0 1.0 1.0 0.0 0.0
0.428571 0.190476 0.380952 1.2381 1.19048 0.0 0.2 0.8 0.4 1.6 0.0 0.25 0.75 0.25 1.5 0.0 0.0 1.0 0.333333 2.0 0.0 0.0 1.0 0.5 1.5 0.0 0.0 1.0 1.0 2.0 0.190476 0.47619 0.333333 0.857143 1.2381 0.4 0.6 0.0 1.2 0.6 0.5 0.5 0.0 1.5 0.75 0.333333 0.666667 0.0 1.66667 1.0 0.0 1.0 0.0 1.5 1.5 0.0 1.0 0.0 2.0 2.0 0.0 1.0 0.0
0.75 0.138889 0.111111 2.88889 0.916667 0.4 0.4 0.2 3.2 1.8 0.25 0.5 0.25 3.0 2.25 0.333333 0.333333 0.333333 3.33333 2.33333 0.0 0.5 0.5 2.0 2.5 0.0 0.0 1.0 1.0 2.0 0.222222 0.361111 0.416667 1.05556 1.27778 0.0 0.4 0.6 0.6 1.6 0.0 0.5 0.5 0.25 1.25 0.0 0.333333 0.666667 0.333333 1.66667 0.0 0.5 0.5 0.0 1.5 0.0 1.0 0.0 0.0 0.0 0.0 0.0 1.0
0.2 0.2 0.6 0.733333 1.6 0.2 0.2 0.6 0.4 1.4 0.0 0.25 0.75 0.0 1.5 0.0 0.333333 0.666667 0.0 1.66667 0.0 0.5 0.5 0.0 2.0 0.0 0.0 1.0 0.0 4.0 0.4 0.2 0.4 1.46667 1.26667 0.6 0.4 0.0 2.4 0.8 0.5 0.5 0.0 2.5 0.75 0.333333 0.666667 0.0 2.0 1.0 0.5 0.5 0.0 3.0 1.5 0.0 1.0 0.0 1.0 1.0 0.0 1.0 0.0
0.305556 0.416667 0.277778 1.08333 1.63889 0.2 0.4 0.4 0.8 1.8 0.25 0.5 0.25 1.0 0.75 0.0 0.666667 0.333333 0.666667 1.0 0.0 1.0 0.0 1.0 1.0 0.0 1.0 0.0 1.0 1.0 0.305556 0.305556 0.388889 1.25 1.41667 0.2 0.8 0.0 1.6 1.0 0.25 0.75 0.0 1.5 0.75 0.333333 0.666667 0.0 1.66667 0.666667 0.5 0.5 0.0 2.0 0.5 1.0 0.0 0.0 3.0 0.0 1.0 0.0 0.0
0.0 0.166667 0.833333 0.333333 2.0 0.0 0.2 0.8 0.4 1.8 0.0 0.25 0.75 0.25 1.75 0.0 0.333333 0.666667 0.0 1.66667 0.0 0.5 0.5 0.0 2.0 0.0 1.0 0.0 0.0 0.0 0.666667 0.333333 0.0 4.33333 0.833333 0.6 0.4 0.0 4.4 0.8 0.5 0.5 0.0 4.25 1.0 0.666667 0.333333 0.0 5.0 0.666667 0.5 0.5 0.0 3.5 1.0 1.0 0.0 0.0 5.0 0.0 0.0 0.0 1.0
0.470588 0.176471 0.352941 1.29412 1.23529 0.4 0.2 0.4 1.2 1.2 0.5 0.25 0.25 1.25 1.0 0.333333 0.333333 0.333333 1.0 1.0 0.0 0.5 0.5 0.5 1.5 0.0 1.0 0.0 1.0 1.0 0.764706 0.117647 0.117647 2.47059 0.764706 0.8 0.2 0.0 3.0 0.8 0.75 0.25 0.0 2.75 0.5 0.666667 0.333333 0.0 2.66667 0.0 0.5 0.5 0.0 1.0 0.0 1.0 0.0 0.0 2.0 0.0 1.0 0.0 0.0
0.257143 0.314286 0.428571 1.11429 1.4 0.8 0.0 0.2 2.2 0.6 0.75 0.0 0.25 2.5 0.75 0.666667 0.0 0.333333 2.33333 1.0 0.5 0.0 0.5 2.5 1.5 0.0 0.0 1.0 2.0 3.0 0.342857 0.228571 0.428571 1.31429 1.57143 0.6 0.2 0.2 1.2 0.8 0.75 0.25 0.0 1.5 0.75 0.666667 0.333333 0.0 1.33333 0.666667 0.5 0.5 0.0 1.0 0.5 1.0 0.0 0.0 1.0 0.0 1.0 0.0 0.0
0.45 0.15 0.4 1.2 1.25 0.2 0.2 0.6 0.6 1.4 0.25 0.25 0.5 0.75 1.25 0.333333 0.0 0.666667 0.666667 1.33333 0.0 0.0 1.0 0.5 2.0 0.0 0.0 1.0 0.0 1.0 0.1 0.25 0.65 0.5 1.75 0.2 0.2 0.6 0.8 1.4 0.25 0.25 0.5 1.0 1.5 0.333333 0.333333 0.333333 1.0 1.0 0.5 0.0 0.5 1.5 1.5 1.0 0.0 0.0 2.0 1.0 1.0 0.0 0.0
0.533333 0.133333 0.333333 2.2 1.73333 0.2 0.0 0.8 1.0 2.0 0.25 0.0 0.75 1.25 2.25 0.0 0.0 1.0 1.33333 3.0 0.0 0.0 1.0 1.5 3.0 0.0 0.0 1.0 0.0 2.0 0.6 0.2 0.2 2.0 1.26667 0.4 0.2 0.4 1.4 2.0 0.5 0.25 0.25 1.25 1.75 0.666667 0.0 0.333333 1.66667 2.33333 0.5 0.0 0.5 1.0 2.5 1.0 0.0 0.0 2.0 1.0 1.0 0.0 0.0
0.142857 0.285714 0.571429 1.14286 1.85714 0.2 0.2 0.6 1.2 1.6 0.25 0.25 0.5 1.25 1.5 0.333333 0.333333 0.333333 1.0 1.0 0.5 0.5 0.0 1.5 1.0 1.0 0.0 0.0 2.0 1.0 0.142857 0.714286 0.142857 0.857143 1.85714 0.2 0.6 0.2 1.0 2.4 0.0 0.75 0.25 0.75 2.75 0.0 1.0 0.0 1.0 1.0 0.0 1.0 0.0 1.5 1.5 0.0 1.0 0.0 2.0 2.0 1.0 0.0 0.0
0.375 0.25 0.375 1.5 1.625 0.4 0.4 0.2 1.8 1.4 0.5 0.25 0.25 1.75 1.25 0.333333 0.333333 0.333333 1.0 1.0 0.5 0.5 0.0 1.5 0.5 0.0 1.0 0.0 1.0 1.0 0.4375 0.0 0.5625 1.5 2.1875 0.4 0.0 0.6 1.0 2.0 0.5 0.0 0.5 1.0 2.0 0.333333 0.0 0.666667 1.0 2.66667 0.5 0.0 0.5 0.5 1.5 1.0 0.0 0.0 1.0 0.0 1.0 0.0 0.0
0.34375 0.15625 0.5 0.9375 1.46875 0.4 0.2 0.4 1.2 1.8 0.25 0.25 0.5 1.0 2.0 0.333333 0.333333 0.333333 0.333333 1.0 0.5 0.5 0.0 0.5 0.0 0.0 1.0 0.0 0.0 0.0 0.3125 0.34375 0.34375 1.40625 1.40625 0.2 0.2 0.6 0.6 1.6 0.25 0.25 0.5 0.75 1.25 0.333333 0.333333 0.333333 0.666667 1.0 0.5 0.0 0.5 0.5 1.0 1.0 0.0 0.0 1.0 0.0 0.0 1.0 0.0
0.133333 0.466667 0.4 0.8 1.5 0.0 0.2 0.8 0.8 2.6 0.0 0.25 0.75 0.5 2.25 0.0 0.333333 0.666667 0.666667 2.33333 0.0 0.5 0.5 0.5 2.0 0.0 1.0 0.0 1.0 1.0 0.333333 0.133333 0.533333 0.966667 1.56667 0.2 0.0 0.8 1.0 2.4 0.25 0.0 0.75 1.25 2.75 0.333333 0.0 0.666667 1.66667 3.0 0.0 0.0 1.0 1.5 4.0 0.0 0.0 1.0 0.0 3.0 0.0 0.0 1.0
0.222222 0.333333 0.444444 0.888889 1.33333 0.2 0.2 0.6 1.2 2.0 0.25 0.25 0.5 1.25 2.0 0.333333 0.333333 0.333333 1.0 0.666667 0.5 0.0 0.5 1.0 0.5 1.0 0.0 0.0 2.0 0.0 0.444444 0.111111 0.444444 1.22222 1.66667 0.4 0.2 0.4 0.8 1.8 0.25 0.25 0.5 0.75 2.25 0.333333 0.0 0.666667 1.0 3.0 0.0 0.0 1.0 0.0 3.5 0.0 0.0 1.0 0.0 4.0 1.0 0.0 0.0
0.111111 0.222222 0.666667 0.888889 1.55556 0.2 0.2 0.6 1.2 1.4 0.25 0.25 0.5 1.25 1.0 0.0 0.333333 0.666667 0.333333 1.33333 0.0 0.5 0.5 0.5 1.5 0.0 0.0 1.0 1.0 3.0 0.333333 0.222222 0.444444 1.55556 1.22222 0.2 0.4 0.4 2.2 1.6 0.25 0.5 0.25 2.5 1.5 0.0 0.666667 0.333333 1.33333 1.66667 0.0 0.5 0.5 1.5 2.0 0.0 1.0 0.0 2.0 2.0 0.0 0.0 1.0
0.15 0.35 0.5 0.9 1.65 0.0 0.6 0.4 1.2 2.2 0.0 0.75 0.25 1.0 2.0 0.0 0.666667 0.333333 1.0 2.33333 0.0 0.5 0.5 0.5 2.5 0.0 1.0 0.0 1.0 1.0 0.3 0.25 0.45 0.9 1.4 0.6 0.2 0.2 1.6 1.2 0.75 0.25 0.0 1.75 0.5 0.666667 0.333333 0.0 1.33333 0.333333 1.0 0.0 0.0 1.5 0.0 1.0 0.0 0.0 1.0 0.0 0.0 1.0 0.0
0.181818 0.363636 0.454545 1.63636 2.27273 0.2 0.2 0.6 2.0 2.6 0.25 0.25 0.5 2.25 2.75 0.333333 0.333333 0.333333 1.66667 2.0 0.5 0.0 0.5 2.0 2.5 0.0 0.0 1.0 3.0 5.0 0.454545 0.181818 0.363636 1.18182 1.45455 0.6 0.2 0.2 1.2 0.6 0.5 0.25 0.25 1.25 0.75 0.333333 0.333333 0.333333 1.33333 1.0 0.0 0.5 0.5 0.5 1.0 0.0 0.0 1.0 1.0 2.0 0.0 0.0 1.0
0.263158 0.210526 0.526316 0.631579 1.36842 0.4 0.0 0.6 1.0 1.8 0.25 0.0 0.75 1.0 2.25 0.333333 0.0 0.666667 1.33333 2.66667 0.0 0.0 1.0 1.0 3.5 0.0 0.0 1.0 1.0 2.0 0.421053 0.210526 0.368421 1.10526 1.10526 0.4 0.4 0.2 1.6 1.2 0.5 0.5 0.0 1.75 1.0 0.333333 0.666667 0.0 1.0 0.666667 0.0 1.0 0.0 0.5 0.5 0.0 1.0 0.0 0.0 0.0 1.0 0.0 0.0
0.272727 0.272727 0.454545 1.0 1.36364 0.4 0.0 0.6 1.2 1.8 0.25 0.0 0.75 1.0 2.0 0.333333 0.0 0.666667 1.33333 1.66667 0.5 0.0 0.5 1.5 1.5 0.0 0.0 1.0 1.0 3.0 0.454545 0.181818 0.363636 1.09091 1.27273 0.4 0.2 0.4 1.0 1.0 0.5 0.25 0.25 1.0 0.75 0.666667 0.333333 0.0 1.33333 0.333333 0.5 0.5 0.0 1.5 0.5 0.0 1.0 0.0 1.0 1.0 0.0 0.0 1.0
0.518519 0.296296 0.185185 1.62963 1.07407 0.4 0.2 0.4 1.0 1.6 0.25 0.25 0.5 0.75 1.75 0.333333 0.333333 0.333333 0.666667 1.0 0.5 0.0 0.5 1.0 1.5 1.0 0.0 0.0 2.0 0.0 0.259259 0.333333 0.407407 1.22222 1.25926 0.4 0.0 0.6 1.4 1.6 0.25 0.0 0.75 1.25 1.75 0.333333 0.0 0.666667 1.33333 1.66667 0.5 0.0 0.5 1.0 0.5 1.0 0.0 0.0 2.0 0.0 1.0 0.0 0.0
0.324324 0.27027 0.405405 1.08108 1.45946 0.6 0.0 0.4 1.8 1.4 0.75 0.0 0.25 2.0 1.25 0.666667 0.0 0.333333 2.0 1.66667 0.5 0.0 0.5 1.5 1.5 0.0 0.0 1.0 1.0 2.0 0.459459 0.108108 0.432432 1.54054 1.45946 0.4 0.2 0.4 1.6 1.6 0.25 0.25 0.5 1.5 1.75 0.333333 0.333333 0.333333 1.66667 1.66667 0.0 0.5 0.5 1.0 1.5 0.0 1.0 0.0 1.0 1.0 0.0 0.0 1.0
0.205882 0.205882 0.588235 1.02941 1.94118 0.2 0.2 0.6 1.2 2.0 0.25 0.0 0.75 1.25 2.25 0.333333 0.0 0.666667 1.33333 2.33333 0.5 0.0 0.5 2.0 2.5 0.0 0.0 1.0 1.0 3.0 0.352941 0.117647 0.529412 1.44118 1.73529 0.2 0.0 0.8 1.4 2.2 0.25 0.0 0.75 1.75 2.25 0.333333 0.0 0.666667 2.33333 1.66667 0.0 0.0 1.0 0.5 2.5 0.0 0.0 1.0 0.0 1.0 1.0 0.0 0.0
0.5 0.125 0.375 1.375 1.375 0.6 0.2 0.2 1.0 1.0 0.5 0.25 0.25 1.0 1.25 0.333333 0.333333 0.333333 1.0 1.66667 0.5 0.0 0.5 1.5 2.5 0.0 0.0 1.0 0.0 3.0 0.75 0.125 0.125 3.5 0.875 0.6 0.2 0.2 2.8 0.8 0.75 0.25 0.0 3.5 0.75 1.0 0.0 0.0 4.66667 1.0 1.0 0.0 0.0 4.0 0.5 1.0 0.0 0.0 4.0 1.0 0.0 0.0 1.0
0.789474 0.157895 0.0526316 2.47368 0.894737 0.8 0.2 0.0 2.4 1.2 0.75 0.25 0.0 2.25 1.25 0.666667 0.333333 0.0 2.66667 1.66667 0.5 0.5 0.0 2.5 1.5 0.0 1.0 0.0 1.0 1.0 0.421053 0.157895 0.421053 1.21053 1.26316 0.4 0.0 0.6 1.6 1.6 0.5 0.0 0.5 2.0 1.75 0.666667 0.0 0.333333 2.33333 1.33333 0.5 0.0 0.5 2.0 2.0 0.0 0.0 1.0 0.0 3.0 1.0 0.0 0.0
0.615385 0.230769 0.153846 2.0 0.923077 0.4 0.4 0.2 2.0 1.2 0.5 0.25 0.25 2.25 1.25 0.333333 0.333333 0.333333 1.66667 1.33333 0.5 0.5 0.0 2.0 0.5 1.0 0.0 0.0 3.0 0.0 0.461538 0.153846 0.384615 1.53846 1.69231 0.4 0.0 0.6 1.2 2.2 0.5 0.0 0.5 1.5 1.5 0.333333 0.0 0.666667 1.33333 2.0 0.0 0.0 1.0 1.0 2.5 0.0 0.0 1.0 1.0 3.0 1.0 0.0 0.0
0.25 0.25 0.5 0.75 1.45 0.0 0.6 0.4 0.4 1.2 0.0 0.5 0.5 0.5 1.5 0.0 0.333333 0.666667 0.666667 2.0 0.0 0.0 1.0 0.5 2.5 0.0 0.0 1.0 0.0 3.0 0.6 0.2 0.2 1.65 1.15 1.0 0.0 0.0 2.2 1.0 1.0 0.0 0.0 2.25 1.0 1.0 0.0 0.0 2.33333 1.0 1.0 0.0 0.0 3.0 1.5 1.0 0.0 0.0 4.0 3.0 0.0 1.0 0.0
0.368421 0.210526 0.421053 1.26316 1.57895 0.0 0.6 0.4 1.4 2.2 0.0 0.5 0.5 1.5 2.5 0.0 0.333333 0.666667 1.66667 3.0 0.0 0.5 0.5 1.5 2.5 0.0 1.0 0.0 2.0 2.0 0.315789 0.210526 0.473684 1.21053 1.47368 0.2 0.2 0.6 0.8 1.6 0.25 0.0 0.75 0.5 1.5 0.333333 0.0 0.666667 0.666667 1.33333 0.5 0.0 0.5 0.5 1.0 0.0 0.0 1.0 0.0 2.0 0.0 1.0 0.0
0.137931 0.413793 0.448276 1.03448 1.75862 0.2 0.2 0.6 0.6 1.8 0.25 0.25 0.5 0.75 1.75 0.333333 0.333333 0.333333 0.666667 1.0 0.0 0.5 0.5 0.0 1.5 0.0 0.0 1.0 0.0 3.0 0.37931 0.241379 0.37931 1.48276 1.41379 0.4 0.4 0.2 1.4 0.8 0.5 0.25 0.25 1.75 1.0 0.333333 0.333333 0.333333 1.66667 1.33333 0.5 0.5 0.0 2.5 1.0 1.0 0.0 0.0 3.0 0.0 0.0 0.0 1.0
0.833333 0.111111 0.0555556 3.0 0.722222 1.0 0.0 0.0 2.8 0.8 1.0 0.0 0.0 2.5 1.0 1.0 0.0 0.0 2.66667 1.33333 1.0 0.0 0.0 3.0 1.5 1.0 0.0 0.0 3.0 2.0 0.5 0.166667 0.333333 1.27778 1.22222 0.6 0.0 0.4 1.8 1.6 0.5 0.0 0.5 1.75 2.0 0.666667 0.0 0.333333 2.33333 1.66667 0.5 0.0 0.5 1.5 2.0 0.0 0.0 1.0 1.0 3.0 1.0 0.0 0.0
0.272727 0.0909091 0.636364 1.18182 1.54545 0.2 0.2 0.6 1.2 1.8 0.0 0.25 0.75 1.0 2.25 0.0 0.333333 0.666667 1.33333 2.33333 0.0 0.0 1.0 1.5 3.0 0.0 0.0 1.0 2.0 3.0 0.272727 0.181818 0.545455 1.09091 1.72727 0.0 0.0 1.0 1.0 3.0 0.0 0.0 1.0 1.0 3.25 0.0 0.0 1.0 0.666667 3.33333 0.0 0.0 1.0 1.0 2.5 0.0 0.0 1.0 2.0 4.0 0.0 1.0 0.0
0.357143 0.178571 0.464286 1.03571 1.35714 0.2 0.2 0.6 0.8 1.6 0.25 0.25 0.5 1.0 1.75 0.333333 0.333333 0.333333 1.33333 1.33333 0.0 0.5 0.5 1.0 1.5 0.0 1.0 0.0 1.0 1.0 0.25 0.321429 0.428571 1.0 1.39286 0.4 0.2 0.4 1.2 0.6 0.5 0.25 0.25 1.5 0.5 0.666667 0.0 0.333333 2.0 0.666667 0.5 0.0 0.5 2.0 0.5 1.0 0.0 0.0 4.0 0.0 1.0 0.0 0.0
0.290323 0.322581 0.387097 1.06452 1.3871 0.2 0.2 0.6 0.6 1.6 0.25 0.25 0.5 0.75 1.5 0.0 0.333333 0.666667 0.666667 2.0 0.0 0.5 0.5 1.0 2.5 0.0 0.0 1.0 1.0 4.0 0.806452 0.0645161 0.129032 2.67742 0.903226 0.8 0.0 0.2 2.4 1.4 0.75 0.0 0.25 2.25 1.5 0.666667 0.0 0.333333 1.66667 1.33333 0.5 0.0 0.5 1.0 1.0 0.0 0.0 1.0 0.0 2.0 0.0 0.0 1.0
0.111111 0.555556 0.333333 0.777778 0.888889 0.2 0.6 0.2 1.0 0.8 0.0 0.75 0.25 0.75 1.0 0.0 0.666667 0.333333 0.666667 1.0 0.0 1.0 0.0 1.0 1.0 0.0 1.0 0.0 1.0 1.0 0.222222 0.333333 0.444444 1.0 1.66667 0.2 0.4 0.4 1.0 1.6 0.25 0.5 0.25 1.25 1.5 0.333333 0.333333 0.333333 1.0 1.33333 0.0 0.5 0.5 0.5 2.0 0.0 1.0 0.0 1.0 1.0 0.0 1.0 0.0
0.304348 0.217391 0.478261 0.956522 1.3913 0.6 0.2 0.2 1.6 1.0 0.75 0.0 0.25 1.5 0.75 0.666667 0.0 0.333333 1.33333 1.0 1.0 0.0 0.0 2.0 0.0 1.0 0.0 0.0 3.0 0.0 0.869565 0.0869565 0.0434783 3.3913 1.13043 0.6 0.2 0.2 3.4 1.4 0.5 0.25 0.25 3.5 1.5 0.666667 0.333333 0.0 4.0 1.0 0.5 0.5 0.0 3.5 1.0 1.0 0.0 0.0 6.0 1.0 0.0 0.0 1.0
0.6 0.4 0.0 1.2 0.2 0.6 0.4 0.0 1.2 0.2 0.75 0.25 0.0 1.5 0.25 0.666667 0.333333 0.0 1.66667 0.333333 0.5 0.5 0.0 1.5 0.0 0.0 1.0 0.0 0.0 0.0 0.0 0.6 0.4 0.4 1.0 0.0 0.6 0.4 0.4 1.0 0.0 0.5 0.5 0.5 1.25 0.0 0.333333 0.666667 0.666667 1.66667 0.0 0.0 1.0 0.0 1.5 0.0 0.0 1.0 0.0 2.0 1.0 0.0 0.0
0.375 0.0 0.625 0.875 1.25 0.4 0.0 0.6 1.0 1.4 0.5 0.0 0.5 1.25 1.25 0.333333 0.0 0.666667 0.666667 1.33333 0.5 0.0 0.5 1.0 1.0 1.0 0.0 0.0 2.0 1.0 0.5 0.25 0.25 1.375 1.125 0.6 0.0 0.4 1.6 1.4 0.5 0.0 0.5 1.75 1.75 0.333333 0.0 0.666667 1.66667 2.33333 0.5 0.0 0.5 1.5 2.0 1.0 0.0 0.0 3.0 2.0 1.0 0.0 0.0
0.142857 0.5 0.357143 1.42857 1.78571 0.0 0.8 0.2 1.2 1.6 0.0 0.75 0.25 1.5 2.0 0.0 1.0 0.0 1.66667 1.66667 0.0 1.0 0.0 1.0 1.0 0.0 1.0 0.0 1.0 1.0 0.357143 0.357143 0.285714 1.0 0.928571 0.4 0.2 0.4 0.6 0.6 0.25 0.25 0.5 0.5 0.75 0.333333 0.0 0.666667 0.666667 1.0 0.0 0.0 1.0 0.5 1.5 0.0 0.0 1.0 0.0 1.0 1.0 0.0 0.0
0.727273 0.272727 0.0 2.63636 0.727273 0.4 0.6 0.0 2.4 1.0 0.5 0.5 0.0 3.0 1.25 0.333333 0.666667 0.0 2.0 1.33333 0.5 0.5 0.0 2.5 1.5 0.0 1.0 0.0 1.0 1.0 0.818182 0.0909091 0.0909091 2.45455 0.727273 0.8 0.2 0.0 2.0 0.8 0.75 0.25 0.0 1.5 0.5 1.0 0.0 0.0 2.0 0.666667 1.0 0.0 0.0 2.0 1.0 1.0 0.0 0.0 1.0 0.0 1.0 0.0 0.0
0.4 0.0 0.6 0.4 0.8 0.4 0.0 0.6 0.4 0.8 0.25 0.0 0.75 0.25 1.0 0.0 0.0 1.0 0.0 1.33333 0.0 0.0 1.0 0.0 1.5 0.0 0.0 1.0 0.0 2.0 0.4 0.2 0.4 1.0 1.6 0.4 0.2 0.4 1.0 1.6 0.5 0.25 0.25 1.25 1.0 0.333333 0.333333 0.333333 1.0 1.0 0.5 0.0 0.5 0.5 0.5 1.0 0.0 0.0 1.0 0.0 1.0 0.0 0.0
0.291667 0.166667 0.541667 1.0 1.58333 0.2 0.0 0.8 0.4 2.0 0.25 0.0 0.75 0.5 1.75 0.333333 0.0 0.666667 0.666667 1.33333 0.5 0.0 0.5 1.0 1.0 0.0 0.0 1.0 0.0 1.0 0.375 0.166667 0.458333 1.45833 1.58333 0.2 0.2 0.6 1.4 1.8 0.25 0.25 0.5 1.5 1.5 0.333333 0.333333 0.333333 2.0 1.33333 0.0 0.5 0.5 1.0 1.5 0.0 0.0 1.0 0.0 1.0 0.0 1.0 0.0
0.695652 0.0869565 0.217391 2.13043 1.17391 1.0 0.0 0.0 2.2 0.2 1.0 0.0 0.0 2.0 0.0 1.0 0.0 0.0 2.33333 0.0 1.0 0.0 0.0 2.5 0.0 1.0 0.0 0.0 4.0 0.0 0.304348 0.217391 0.478261 1.34783 1.3913 0.4 0.4 0.2 1.8 1.4 0.25 0.5 0.25 1.5 1.5 0.333333 0.666667 0.0 2.0 1.66667 0.5 0.5 0.0 2.0 1.5 0.0 1.0 0.0 2.0 2.0 1.0 0.0 0.0
0.5 0.125 0.375 1.5 1.625 0.6 0.2 0.2 0.8 0.8 0.5 0.25 0.25 0.75 1.0 0.333333 0.333333 0.333333 0.666667 1.33333 0.5 0.5 0.0 1.0 0.0 0.0 1.0 0.0 0.0 0.0 0.375 0.25 0.375 1.375 1.375 0.6 0.0 0.4 1.4 1.2 0.5 0.0 0.5 1.25 1.25 0.666667 0.0 0.333333 1.66667 1.0 0.5 0.0 0.5 1.5 1.5 1.0 0.0 0.0 3.0 2.0 1.0 0.0 0.0
0.333333 0.291667 0.375 1.41667 1.54167 0.2 0.4 0.4 1.4 1.6 0.25 0.5 0.25 1.5 1.5 0.0 0.666667 0.333333 1.0 1.33333 0.0 1.0 0.0 1.0 1.0 0.0 1.0 0.0 1.0 1.0 0.541667 0.208333 0.25 1.33333 0.875 0.4 0.0 0.6 0.8 1.0 0.5 0.0 0.5 1.0 0.75 0.666667 0.0 0.333333 1.33333 0.666667 1.0 0.0 0.0 1.5 0.0 1.0 0.0 0.0 1.0 0.0 0.0 0.0 1.0
0.515152 0.181818 0.30303 1.54545 1.18182 0.4 0.0 0.6 0.8 1.8 0.25 0.0 0.75 0.75 2.25 0.333333 0.0 0.666667 1.0 2.66667 0.5 0.0 0.5 1.5 1.5 0.0 0.0 1.0 2.0 3.0 0.30303 0.212121 0.484848 1.30303 1.60606 0.2 0.0 0.8 1.0 2.0 0.25 0.0 0.75 1.0 2.0 0.333333 0.0 0.666667 0.666667 1.33333 0.5 0.0 0.5 0.5 1.0 0.0 0.0 1.0 0.0 2.0 1.0 0.0 0.0
0.235294 0.294118 0.470588 1.0 1.58824 0.2 0.4 0.4 1.0 1.6 0.25 0.5 0.25 0.75 1.0 0.333333 0.333333 0.333333 0.666667 1.0 0.5 0.5 0.0 1.0 0.5 0.0 1.0 0.0 1.0 1.0 0.235294 0.176471 0.588235 0.882353 2.05882 0.2 0.2 0.6 0.8 2.2 0.0 0.25 0.75 0.5 2.5 0.0 0.333333 0.666667 0.333333 2.66667 0.0 0.0 1.0 0.0 3.5 0.0 0.0 1.0 0.0 5.0 0.0 1.0 0.0
0.272727 0.272727 0.454545 1.0 1.18182 0.4 0.2 0.4 1.4 1.4 0.5 0.0 0.5 1.75 1.75 0.333333 0.0 0.666667 1.33333 2.33333 0.5 0.0 0.5 1.5 1.5 0.0 0.0 1.0 0.0 3.0 0.181818 0.363636 0.454545 0.909091 1.54545 0.2 0.4 0.4 0.8 1.2 0.0 0.5 0.5 0.5 1.5 0.0 0.666667 0.333333 0.666667 1.0 0.0 0.5 0.5 0.5 1.0 0.0 0.0 1.0 0.0 1.0 1.0 0.0 0.0
0.111111 0.222222 0.666667 0.222222 1.44444 0.0 0.4 0.6 0.2 1.0 0.0 0.5 0.5 0.25 1.0 0.0 0.333333 0.666667 0.0 1.0 0.0 0.5 0.5 0.0 1.0 0.0 0.0 1.0 0.0 2.0 0.666667 0.333333 0.0 3.33333 0.555556 0.6 0.4 0.0 2.2 0.4 0.75 0.25 0.0 2.25 0.0 0.666667 0.333333 0.0 1.33333 0.0 0.5 0.5 0.0 1.5 0.0 0.0 1.0 0.0 0.0 0.0 0.0 0.0 1.0
0.432432 0.189189 0.378378 1.43243 1.43243 0.2 0.4 0.4 1.0 1.2 0.25 0.5 0.25 1.0 1.0 0.333333 0.333333 0.333333 1.0 1.0 0.5 0.0 0.5 1.0 1.0 0.0 0.0 1.0 1.0 2.0 0.27027 0.189189 0.540541 1.13514 1.83784 0.8 0.0 0.2 2.2 1.4 0.75 0.0 0.25 2.0 1.25 1.0 0.0 0.0 2.33333 0.666667 1.0 0.0 0.0 2.5 0.5 1.0 0.0 0.0 2.0 1.0 1.0 0.0 0.0
0.4 0.2 0.4 1.26667 1.53333 0.4 0.2 0.4 1.2 2.2 0.5 0.0 0.5 1.25 2.5 0.333333 0.0 0.666667 1.0 3.0 0.5 0.0 0.5 1.5 2.5 1.0 0.0 0.0 1.0 0.0 0.4 0.0666667 0.533333 1.2 2.13333 0.4 0.0 0.6 1.0 1.8 0.25 0.0 0.75 0.5 1.75 0.333333 0.0 0.666667 0.666667 1.0 0.0 0.0 1.0 0.0 1.5 0.0 0.0 1.0 0.0 2.0 0.0 0.0 1.0
0.166667 0.416667 0.416667 0.972222 1.58333 0.4 0.4 0.2 1.0 0.8 0.25 0.5 0.25 0.75 0.75 0.333333 0.333333 0.333333 1.0 1.0 0.0 0.5 0.5 0.5 1.5 0.0 0.0 1.0 1.0 3.0 0.222222 0.333333 0.444444 1.08333 1.58333 0.2 0.2 0.6 1.6 2.4 0.0 0.25 0.75 1.25 2.75 0.0 0.0 1.0 1.0 3.0 0.0 0.0 1.0 1.0 3.5 0.0 0.0 1.0 1.0 5.0 1.0 0.0 0.0
0.407407 0.185185 0.407407 1.37037 1.40741 0.4 0.0 0.6 2.0 2.4 0.5 0.0 0.5 2.0 2.0 0.666667 0.0 0.333333 1.66667 1.0 0.5 0.0 0.5 1.5 1.0 0.0 0.0 1.0 0.0 1.0 0.259259 0.333333 0.407407 1.11111 1.55556 0.2 0.2 0.6 1.4 2.2 0.0 0.25 0.75 1.0 2.5 0.0 0.333333 0.666667 1.33333 2.0 0.0 0.0 1.0 1.0 2.0 0.0 0.0 1.0 1.0 2.0 1.0 0.0 0.0
0.371429 0.228571 0.4 1.2 1.48571 0.2 0.0 0.8 0.8 1.6 0.25 0.0 0.75 0.75 1.5 0.333333 0.0 0.666667 1.0 1.33333 0.5 0.0 0.5 1.0 1.0 0.0 0.0 1.0 0.0 1.0 0.485714 0.228571 0.285714 1.77143 1.42857 0.6 0.2 0.2 3.6 1.6 0.75 0.0 0.25 3.75 1.25 0.666667 0.0 0.333333 3.33333 1.33333 1.0 0.0 0.0 4.0 0.0 1.0 0.0 0.0 4.0 0.0 0.0 0.0 1.0
0.428571 0.214286 0.357143 1.28571 1.21429 0.2 0.6 0.2 0.8 0.8 0.25 0.5 0.25 1.0 1.0 0.0 0.666667 0.333333 0.666667 1.33333 0.0 0.5 0.5 1.0 2.0 0.0 0.0 1.0 0.0 2.0 0.25 0.357143 0.392857 0.964286 1.35714 0.2 0.6 0.2 0.6 0.6 0.25 0.75 0.0 0.75 0.25 0.333333 0.666667 0.0 1.0 0.333333 0.5 0.5 0.0 1.5 0.5 0.0 1.0 0.0 0.0 0.0 1.0 0.0 0.0
0.428571 0.142857 0.428571 1.57143 1.66667 0.6 0.2 0.2 2.4 1.6 0.5 0.25 0.25 2.75 2.0 0.333333 0.333333 0.333333 2.66667 2.0 0.5 0.5 0.0 3.5 2.0 0.0 1.0 0.0 3.0 3.0 0.238095 0.0952381 0.666667 1.33333 2.2381 0.2 0.2 0.6 1.6 2.4 0.0 0.25 0.75 1.5 2.75 0.0 0.0 1.0 1.66667 3.33333 0.0 0.0 1.0 2.0 3.0 0.0 0.0 1.0 1.0 2.0 0.0 1.0 0.0
0.46875 0.3125 0.21875 1.78125 1.21875 0.6 0.4 0.0 2.4 1.0 0.5 0.5 0.0 2.0 1.0 0.666667 0.333333 0.0 2.0 0.666667 0.5 0.5 0.0 1.0 0.0 0.0 1.0 0.0 0.0 0.0 0.46875 0.25 0.28125 1.625 1.4375 0.6 0.4 0.0 2.8 1.2 0.5 0.5 0.0 2.75 1.5 0.666667 0.333333 0.0 3.33333 1.66667 0.5 0.5 0.0 4.0 2.0 1.0 0.0 0.0 5.0 1.0 1.0 0.0 0.0
0.30303 0.242424 0.454545 0.909091 1.18182 0.4 0.2 0.4 1.0 1.4 0.25 0.25 0.5 1.0 1.75 0.333333 0.333333 0.333333 1.33333 1.33333 0.0 0.5 0.5 1.0 2.0 0.0 0.0 1.0 0.0 2.0 0.424242 0.212121 0.363636 1.36364 1.33333 0.4 0.2 0.4 1.8 2.0 0.25 0.25 0.5 1.25 1.75 0.333333 0.333333 0.333333 1.33333 1.0 0.0 0.5 0.5 0.0 1.0 0.0 1.0 0.0 0.0 0.0 0.0 1.0 0.0
0.411765 0.205882 0.382353 1.5 1.58824 0.2 0.4 0.4 2.4 2.4 0.0 0.5 0.5 1.75 2.75 0.0 0.333333 0.666667 1.33333 2.66667 0.0 0.5 0.5 1.5 2.5 0.0 0.0 1.0 2.0 4.0 0.235294 0.205882 0.558824 0.970588 1.41176 0.4 0.2 0.4 0.8 1.0 0.5 0.25 0.25 1.0 0.75 0.666667 0.333333 0.0 1.33333 0.666667 0.5 0.5 0.0 1.0 0.5 0.0 1.0 0.0 1.0 1.0 1.0 0.0 0.0
0.259259 0.222222 0.518519 0.925926 1.40741 0.2 0.2 0.6 1.2 1.2 0.0 0.25 0.75 0.75 1.5 0.0 0.333333 0.666667 0.666667 1.33333 0.0 0.5 0.5 0.5 1.0 0.0 1.0 0.0 0.0 0.0 0.37037 0.222222 0.407407 1.18519 1.48148 0.0 0.6 0.4 0.8 1.4 0.0 0.75 0.25 0.75 1.25 0.0 0.666667 0.333333 0.666667 1.33333 0.0 1.0 0.0 1.0 1.0 0.0 1.0 0.0 0.0 0.0 0.0 1.0 0.0
0.5 0.25 0.25 1.5 1.1875 0.4 0.4 0.2 1.6 1.6 0.5 0.25 0.25 1.75 1.75 0.333333 0.333333 0.333333 1.66667 2.0 0.5 0.5 0.0 2.5 2.0 1.0 0.0 0.0 2.0 1.0 0.5625 0.0625 0.375 1.125 1.375 0.6 0.0 0.4 1.8 1.8 0.5 0.0 0.5 1.5 2.25 0.333333 0.0 0.666667 1.0 2.33333 0.0 0.0 1.0 1.0 3.5 0.0 0.0 1.0 1.0 5.0 1.0 0.0 0.0
0.294118 0.294118 0.411765 1.58824 1.64706 0.6 0.2 0.2 2.0 0.8 0.5 0.25 0.25 2.0 1.0 0.666667 0.333333 0.0 2.33333 0.666667 1.0 0.0 0.0 3.0 0.5 1.0 0.0 0.0 4.0 0.0 0.352941 0.352941 0.294118 1.05882 1.0 0.2 0.2 0.6 1.0 1.4 0.25 0.25 0.5 1.0 1.25 0.333333 0.333333 0.333333 1.33333 1.33333 0.5 0.5 0.0 1.5 1.0 1.0 0.0 0.0 1.0 0.0 1.0 0.0 0.0
0.259259 0.0740741 0.666667 1.03704 2.03704 0.2 0.0 0.8 0.4 2.0 0.25 0.0 0.75 0.5 2.25 0.333333 0.0 0.666667 0.666667 2.33333 0.5 0.0 0.5 1.0 3.0 0.0 0.0 1.0 0.0 5.0 0.407407 0.0 0.592593 1.2963 2.11111 0.4 0.0 0.6 1.2 2.0 0.5 0.0 0.5 1.5 1.5 0.666667 0.0 0.333333 1.66667 1.33333 1.0 0.0 0.0 2.5 1.5 1.0 0.0 0.0 3.0 2.0 1.0 0.0 0.0
0.285714 0.333333 0.380952 1.47619 1.57143 0.2 0.2 0.6 1.6 1.6 0.25 0.25 0.5 1.75 1.5 0.333333 0.333333 0.333333 2.33333 1.33333 0.5 0.5 0.0 3.5 1.5 0.0 1.0 0.0 2.0 2.0 0.142857 0.380952 0.47619 0.904762 1.61905 0.0 0.8 0.2 1.0 1.8 0.0 0.75 0.25 1.0 2.0 0.0 0.666667 0.333333 0.666667 2.0 0.0 1.0 0.0 1.0 1.0 0.0 1.0 0.0 1.0 1.0 0.0 1.0 0.0
0.307692 0.230769 0.461538 1.15385 1.46154 0.6 0.0 0.4 2.0 1.8 0.5 0.0 0.5 1.5 1.75 0.333333 0.0 0.666667 1.66667 2.33333 0.5 0.0 0.5 2.0 2.0 0.0 0.0 1.0 1.0 4.0 0.230769 0.230769 0.538462 1.15385 1.76923 0.4 0.2 0.4 1.8 2.0 0.5 0.25 0.25 2.0 1.5 0.666667 0.0 0.333333 1.66667 1.0 0.5 0.0 0.5 1.5 1.5 1.0 0.0 0.0 2.0 0.0 0.0 1.0 0.0
0.148148 0.407407 0.444444 1.11111 1.77778 0.2 0.2 0.6 1.0 1.8 0.25 0.0 0.75 1.0 2.0 0.333333 0.0 0.666667 1.0 2.0 0.5 0.0 0.5 1.5 2.0 1.0 0.0 0.0 2.0 0.0 0.296296 0.259259 0.444444 0.777778 1.33333 0.2 0.4 0.4 1.0 1.4 0.25 0.5 0.25 1.0 1.25 0.333333 0.333333 0.333333 1.0 1.33333 0.5 0.0 0.5 1.5 2.0 1.0 0.0 0.0 2.0 0.0 0.0 1.0 0.0
0.833333 0.0 0.166667 2.83333 0.666667 0.8 0.0 0.2 2.8 0.4 0.75 0.0 0.25 2.75 0.5 0.666667 0.0 0.333333 2.0 0.666667 0.5 0.0 0.5 2.0 1.0 0.0 0.0 1.0 1.0 2.0 0.166667 0.333333 0.5 1.16667 2.0 0.2 0.2 0.6 1.4 2.4 0.25 0.25 0.5 1.25 2.0 0.0 0.333333 0.666667 1.0 2.33333 0.0 0.5 0.5 1.0 2.5 0.0 1.0 0.0 2.0 2.0 1.0 0.0 0.0
0.285714 0.257143 0.457143 0.914286 1.2 0.2 0.4 0.4 1.2 1.4 0.0 0.5 0.5 1.0 1.75 0.0 0.333333 0.666667 0.666667 1.66667 0.0 0.5 0.5 1.0 1.5 0.0 0.0 1.0 2.0 3.0 0.342857 0.228571 0.428571 0.942857 1.25714 0.0 0.4 0.6 0.2 1.2 0.0 0.25 0.75 0.0 1.25 0.0 0.333333 0.666667 0.0 0.666667 0.0 0.0 1.0 0.0 1.0 0.0 0.0 1.0 0.0 1.0 1.0 0.0 0.0
0.166667 0.333333 0.5 1.05556 1.66667 0.2 0.6 0.2 1.2 1.6 0.25 0.5 0.25 1.5 2.0 0.333333 0.333333 0.333333 1.33333 2.0 0.5 0.0 0.5 1.0 2.0 0.0 0.0 1.0 0.0 4.0 0.277778 0.166667 0.555556 1.05556 1.27778 0.2 0.2 0.6 0.8 1.0 0.25 0.0 0.75 0.75 1.0 0.333333 0.0 0.666667 1.0 1.0 0.5 0.0 0.5 1.5 1.0 1.0 0.0 0.0 3.0 1.0 1.0 0.0 0.0
0.142857 0.428571 0.428571 0.857143 1.57143 0.2 0.4 0.4 1.0 1.8 0.25 0.25 0.5 1.25 2.25 0.0 0.333333 0.666667 1.33333 3.0 0.0 0.5 0.5 1.5 3.5 0.0 1.0 0.0 1.0 1.0 0.428571 0.0 0.571429 1.14286 1.57143 0.4 0.0 0.6 1.0 2.0 0.25 0.0 0.75 0.75 2.25 0.333333 0.0 0.666667 0.666667 2.33333 0.0 0.0 1.0 0.5 3.5 0.0 0.0 1.0 0.0 4.0 0.0 0.0 1.0
0.631579 0.157895 0.210526 2.0 1.05263 0.6 0.0 0.4 2.2 1.6 0.75 0.0 0.25 2.75 1.75 0.666667 0.0 0.333333 2.66667 2.0 0.5 0.0 0.5 3.0 3.0 1.0 0.0 0.0 4.0 2.0 0.421053 0.0526316 0.526316 1.52632 1.63158 0.2 0.0 0.8 1.6 2.4 0.25 0.0 0.75 2.0 1.75 0.333333 0.0 0.666667 2.33333 1.66667 0.5 0.0 0.5 3.0 1.5 1.0 0.0 0.0 4.0 0.0 1.0 0.0 0.0
0.125 0.25 0.625 0.375 1.75 0.2 0.4 0.4 0.6 1.2 0.25 0.5 0.25 0.75 0.75 0.333333 0.333333 0.333333 1.0 1.0 0.5 0.0 0.5 1.0 1.0 0.0 0.0 1.0 0.0 1.0 0.625 0.125 0.25 1.75 0.625 0.6 0.2 0.2 1.6 0.4 0.5 0.25 0.25 1.5 0.5 0.333333 0.333333 0.333333 0.666667 0.666667 0.0 0.5 0.5 0.0 0.5 0.0 1.0 0.0 0.0 0.0 0.0 0.0 1.0
0.272727 0.136364 0.590909 1.04545 1.54545 0.4 0.0 0.6 0.8 1.2 0.5 0.0 0.5 1.0 1.25 0.666667 0.0 0.333333 1.33333 1.33333 1.0 0.0 0.0 1.5 0.0 1.0 0.0 0.0 1.0 0.0 0.181818 0.363636 0.454545 1.04545 1.72727 0.4 0.2 0.4 1.6 2.2 0.5 0.25 0.25 1.75 1.75 0.666667 0.0 0.333333 2.0 2.0 0.5 0.0 0.5 1.5 2.0 1.0 0.0 0.0 3.0 2.0 1.0 0.0 0.0
0.461538 0.230769 0.307692 1.07692 1.07692 0.8 0.0 0.2 1.8 1.0 0.75 0.0 0.25 1.5 1.25 0.666667 0.0 0.333333 1.66667 1.66667 1.0 0.0 0.0 2.0 0.5 1.0 0.0 0.0 1.0 0.0 0.384615 0.230769 0.384615 1.61538 1.76923 0.2 0.4 0.4 2.4 2.8 0.25 0.5 0.25 2.75 2.5 0.333333 0.666667 0.0 2.66667 2.0 0.5 0.5 0.0 3.0 2.0 1.0 0.0 0.0 4.0 2.0 1.0 0.0 0.0
0.333333 0.166667 0.5 2.0 2.0 0.4 0.2 0.4 2.2 1.8 0.25 0.25 0.5 1.5 1.5 0.333333 0.333333 0.333333 1.66667 1.33333 0.0 0.5 0.5 1.5 2.0 0.0 1.0 0.0 1.0 1.0 0.666667 0.333333 0.0 2.0 0.333333 0.8 0.2 0.0 2.4 0.4 0.75 0.25 0.0 2.75 0.5 0.666667 0.333333 0.0 3.0 0.333333 0.5 0.5 0.0 3.0 0.5 1.0 0.0 0.0 6.0 1.0 0.0 0.0 1.0
0.3 0.2 0.5 1.0 1.5 0.0 0.0 1.0 0.6 2.4 0.0 0.0 1.0 0.75 2.75 0.0 0.0 1.0 0.666667 3.0 0.0 0.0 1.0 0.0 3.0 0.0 0.0 1.0 0.0 1.0 0.9 0.1 0.0 3.2 1.2 0.8 0.2 0.0 3.6 1.8 0.75 0.25 0.0 3.75 1.75 1.0 0.0 0.0 4.33333 1.66667 1.0 0.0 0.0 4.0 0.5 1.0 0.0 0.0 3.0 1.0 0.0 0.0 1.0
0.142857 0.25 0.607143 0.75 1.78571 0.4 0.4 0.2 1.6 1.4 0.5 0.25 0.25 1.75 1.5 0.333333 0.333333 0.333333 1.0 1.33333 0.5 0.5 0.0 1.5 1.0 0.0 1.0 0.0 1.0 1.0 0.142857 0.428571 0.428571 1.07143 1.71429 0.2 0.2 0.6 0.8 1.6 0.25 0.25 0.5 0.75 1.5 0.333333 0.333333 0.333333 1.0 1.33333 0.5 0.5 0.0 1.0 0.0 0.0 1.0 0.0 0.0 0.0 1.0 0.0 0.0
0.347826 0.217391 0.434783 1.26087 1.82609 0.2 0.4 0.4 1.4 2.8 0.25 0.25 0.5 1.25 3.0 0.333333 0.0 0.666667 1.33333 3.66667 0.5 0.0 0.5 2.0 3.5 0.0 0.0 1.0 1.0 6.0 0.217391 0.217391 0.565217 0.913043 1.21739 0.0 0.4 0.6 0.4 1.0 0.0 0.5 0.5 0.5 1.0 0.0 0.333333 0.666667 0.333333 1.0 0.0 0.0 1.0 0.0 1.0 0.0 0.0 1.0 0.0 1.0 1.0 0.0 0.0
0.272727 0.272727 0.454545 1.18182 1.59091 0.2 0.4 0.4 1.8 2.0 0.25 0.25 0.5 1.75 2.0 0.333333 0.0 0.666667 2.0 2.33333 0.0 0.0 1.0 2.0 3.0 0.0 0.0 1.0 2.0 3.0 0.409091 0.136364 0.454545 1.45455 1.5 0.4 0.2 0.4 1.4 1.6 0.5 0.25 0.25 1.5 1.5 0.666667 0.333333 0.0 1.66667 1.0 1.0 0.0 0.0 2.0 1.0 1.0 0.0 0.0 2.0 1.0 1.0 0.0 0.0
0.307692 0.269231 0.423077 1.34615 1.57692 0.0 0.4 0.6 0.8 1.6 0.0 0.5 0.5 0.75 1.5 0.0 0.333333 0.666667 0.666667 1.66667 0.0 0.0 1.0 0.5 2.0 0.0 0.0 1.0 0.0 2.0 0.692308 0.115385 0.192308 2.23077 1.11538 0.8 0.2 0.0 2.8 0.4 0.75 0.25 0.0 3.25 0.5 0.666667 0.333333 0.0 3.0 0.666667 0.5 0.5 0.0 1.5 0.5 0.0 1.0 0.0 1.0 1.0 0.0 0.0 1.0
0.291667 0.333333 0.375 1.04167 1.16667 0.2 0.2 0.6 0.8 1.0 0.0 0.25 0.75 0.5 1.25 0.0 0.333333 0.666667 0.333333 1.0 0.0 0.5 0.5 0.5 1.0 0.0 0.0 1.0 0.0 1.0 0.208333 0.375 0.416667 1.04167 1.25 0.6 0.4 0.0 1.0 0.2 0.75 0.25 0.0 1.0 0.0 0.666667 0.333333 0.0 1.0 0.0 0.5 0.5 0.0 1.0 0.0 1.0 0.0 0.0 2.0 0.0 0.0 1.0 0.0
0.125 0.4375 0.4375 0.75 1.53125 0.0 0.2 0.8 0.4 2.2 0.0 0.25 0.75 0.25 2.0 0.0 0.333333 0.666667 0.333333 1.66667 0.0 0.0 1.0 0.0 2.0 0.0 0.0 1.0 0.0 3.0 0.3125 0.3125 0.375 1.03125 1.25 0.4 0.2 0.4 1.2 1.6 0.25 0.25 0.5 1.0 1.75 0.0 0.333333 0.666667 0.333333 1.66667 0.0 0.5 0.5 0.5 1.5 0.0 1.0 0.0 0.0 0.0 0.0 0.0 1.0
0.3 0.3 0.4 1.1 1.6 0.0 0.4 0.6 0.8 2.2 0.0 0.25 0.75 0.5 2.25 0.0 0.333333 0.666667 0.666667 2.66667 0.0 0.5 0.5 1.0 1.5 0.0 0.0 1.0 1.0 2.0 0.3 0.3 0.4 1.1 1.5 0.2 0.2 0.6 1.2 2.0 0.25 0.25 0.5 1.5 2.0 0.333333 0.333333 0.333333 2.0 1.66667 0.0 0.5 0.5 1.5 2.5 0.0 1.0 0.0 3.0 3.0 1.0 0.0 0.0
0.277778 0.25 0.472222 1.02778 1.44444 0.4 0.0 0.6 1.2 1.6 0.5 0.0 0.5 1.5 1.75 0.333333 0.0 0.666667 1.66667 2.33333 0.0 0.0 1.0 1.0 2.5 0.0 0.0 1.0 1.0 2.0 0.416667 0.111111 0.472222 1.22222 1.41667 0.2 0.4 0.4 1.2 1.6 0.25 0.25 0.5 1.0 1.5 0.333333 0.333333 0.333333 1.33333 1.66667 0.0 0.5 0.5 1.0 2.0 0.0 1.0 0.0 2.0 2.0 1.0 0.0 0.0
0.3 0.233333 0.466667 1.1 1.53333 0.2 0.0 0.8 1.0 2.2 0.25 0.0 0.75 1.25 2.25 0.0 0.0 1.0 0.666667 3.0 0.0 0.0 1.0 1.0 4.0 0.0 0.0 1.0 1.0 5.0 0.366667 0.133333 0.5 1.4 1.66667 0.4 0.0 0.6 2.0 2.6 0.25 0.0 0.75 1.5 2.75 0.333333 0.0 0.666667 1.66667 2.0 0.0 0.0 1.0 1.0 3.0 0.0 0.0 1.0 0.0 2.0 1.0 0.0 0.0
0.636364 0.272727 0.0909091 2.0 1.0 0.8 0.2 0.0 2.0 0.4 1.0 0.0 0.0 2.5 0.5 1.0 0.0 0.0 2.33333 0.666667 1.0 0.0 0.0 3.0 1.0 1.0 0.0 0.0 3.0 1.0 0.545455 0.181818 0.272727 1.90909 1.27273 0.6 0.2 0.2 2.0 1.4 0.5 0.25 0.25 1.75 1.5 0.666667 0.0 0.333333 2.0 1.66667 0.5 0.0 0.5 2.5 2.5 1.0 0.0 0.0 3.0 1.0 0.0 1.0 0.0
0.0 0.2 0.8 0.6 2.0 0.0 0.2 0.8 0.6 2.0 0.0 0.25 0.75 0.75 2.0 0.0 0.333333 0.666667 0.666667 2.0 0.0 0.5 0.5 1.0 2.0 0.0 0.0 1.0 1.0 3.0 0.4 0.2 0.4 1.4 1.8 0.4 0.2 0.4 1.4 1.8 0.5 0.0 0.5 1.5 2.0 0.666667 0.0 0.333333 2.0 2.0 0.5 0.0 0.5 1.5 2.0 1.0 0.0 0.0 2.0 1.0 1.0 0.0 0.0
0.787879 0.181818 0.030303 2.42424 0.575758 0.8 0.2 0.0 2.0 0.2 0.75 0.25 0.0 2.25 0.25 0.666667 0.333333 0.0 1.66667 0.0 0.5 0.5 0.0 1.5 0.0 0.0 1.0 0.0 0.0 0.0 0.181818 0.272727 0.545455 0.909091 1.69697 0.4 0.4 0.2 1.8 1.2 0.25 0.5 0.25 1.5 1.5 0.333333 0.333333 0.333333 1.33333 1.33333 0.5 0.5 0.0 2.0 1.5 0.0 1.0 0.0 2.0 2.0 1.0 0.0 0.0
0.411765 0.0 0.588235 1.41176 2.11765 0.4 0.0 0.6 0.8 1.8 0.25 0.0 0.75 0.75 2.25 0.333333 0.0 0.666667 0.333333 1.33333 0.5 0.0 0.5 0.5 0.5 0.0 0.0 1.0 0.0 1.0 0.411765 0.117647 0.470588 1.47059 1.47059 0.4 0.2 0.4 2.4 1.6 0.25 0.25 0.5 2.25 2.0 0.333333 0.0 0.666667 2.0 1.66667 0.0 0.0 1.0 1.5 2.5 0.0 0.0 1.0 0.0 1.0 1.0 0.0 0.0
0.409091 0.0 0.590909 1.31818 2.13636 0.4 0.0 0.6 1.0 2.2 0.25 0.0 0.75 0.75 2.5 0.333333 0.0 0.666667 1.0 2.66667 0.5 0.0 0.5 1.0 1.5 0.0 0.0 1.0 1.0 3.0 0.681818 0.0909091 0.227273 2.04545 1.22727 1.0 0.0 0.0 2.0 0.2 1.0 0.0 0.0 1.75 0.25 1.0 0.0 0.0 1.33333 0.0 1.0 0.0 0.0 1.5 0.0 1.0 0.0 0.0 1.0 0.0 0.0 0.0 1.0
0.333333 0.166667 0.5 1.22222 2.05556 0.4 0.0 0.6 0.8 2.0 0.5 0.0 0.5 0.75 1.25 0.333333 0.0 0.666667 0.666667 1.66667 0.0 0.0 1.0 0.5 2.5 0.0 0.0 1.0 1.0 3.0 0.5 0.0555556 0.444444 1.38889 1.83333 0.6 0.0 0.4 1.4 0.8 0.75 0.0 0.25 1.75 0.75 1.0 0.0 0.0 2.33333 0.333333 1.0 0.0 0.0 3.0 0.5 1.0 0.0 0.0 3.0 1.0 0.0 0.0 1.0
0.0 0.5 0.5 0.5 1.83333 0.0 0.4 0.6 0.6 2.2 0.0 0.25 0.75 0.75 2.75 0.0 0.0 1.0 0.333333 3.0 0.0 0.0 1.0 0.5 4.0 0.0 0.0 1.0 1.0 6.0 0.166667 0.333333 0.5 0.666667 1.0 0.2 0.2 0.6 0.8 1.2 0.25 0.25 0.5 1.0 1.25 0.333333 0.333333 0.333333 1.33333 1.0 0.0 0.5 0.5 0.5 1.0 0.0 1.0 0.0 1.0 1.0 0.0 1.0 0.0
0.228571 0.342857 0.428571 1.08571 1.48571 0.2 0.4 0.4 1.6 1.6 0.25 0.25 0.5 1.75 1.75 0.0 0.333333 0.666667 1.33333 2.0 0.0 0.0 1.0 1.0 2.0 0.0 0.0 1.0 1.0 2.0 0.485714 0.171429 0.342857 1.57143 1.22857 0.6 0.0 0.4 2.4 1.6 0.5 0.0 0.5 2.5 1.75 0.666667 0.0 0.333333 3.0 1.66667 0.5 0.0 0.5 3.0 2.5 1.0 0.0 0.0 3.0 1.0 0.0 0.0 1.0
0.3125 0.5 0.1875 1.25 1.75 0.4 0.4 0.2 1.2 2.0 0.5 0.5 0.0 1.25 0.75 0.666667 0.333333 0.0 1.66667 1.0 0.5 0.5 0.0 1.5 1.0 0.0 1.0 0.0 1.0 1.0 0.25 0.375 0.375 0.9375 1.3125 0.2 0.4 0.4 0.6 0.8 0.25 0.25 0.5 0.75 1.0 0.0 0.333333 0.666667 0.666667 1.33333 0.0 0.5 0.5 0.5 1.0 0.0 1.0 0.0 1.0 1.0 1.0 0.0 0.0
0.12 0.28 0.6 1.16 2.24 0.0 0.0 1.0 1.0 2.8 0.0 0.0 1.0 0.75 2.75 0.0 0.0 1.0 0.666667 2.66667 0.0 0.0 1.0 1.0 2.5 0.0 0.0 1.0 1.0 2.0 0.48 0.04 0.48 1.36 1.72 0.4 0.0 0.6 1.4 1.4 0.25 0.0 0.75 1.0 1.75 0.333333 0.0 0.666667 1.0 1.66667 0.0 0.0 1.0 0.5 2.0 0.0 0.0 1.0 1.0 2.0 0.0 1.0 0.0
0.363636 0.0909091 0.545455 1.0 1.45455 0.0 0.0 1.0 0.2 1.8 0.0 0.0 1.0 0.25 2.0 0.0 0.0 1.0 0.0 1.33333 0.0 0.0 1.0 0.0 1.0 0.0 0.0 1.0 0.0 1.0 0.454545 0.0909091 0.454545 1.18182 1.63636 0.4 0.0 0.6 1.0 2.4 0.25 0.0 0.75 0.5 2.5 0.333333 0.0 0.666667 0.666667 2.33333 0.5 0.0 0.5 1.0 1.5 1.0 0.0 0.0 2.0 1.0 0.0 1.0 0.0
0.323529 0.235294 0.441176 1.32353 1.61765 0.4 0.2 0.4 1.2 1.2 0.5 0.25 0.25 1.25 1.0 0.666667 0.333333 0.0 1.66667 1.0 0.5 0.5 0.0 1.5 1.0 0.0 1.0 0.0 1.0 1.0 0.264706 0.294118 0.441176 1.38235 1.61765 0.4 0.0 0.6 1.2 1.6 0.25 0.0 0.75 0.75 1.5 0.0 0.0 1.0 0.333333 2.0 0.0 0.0 1.0 0.0 2.0 0.0 0.0 1.0 0.0 2.0 1.0 0.0 0.0
0.176471 0.235294 0.588235 1.05882 2.17647 0.0 0.2 0.8 0.6 2.8 0.0 0.25 0.75 0.5 2.5 0.0 0.333333 0.666667 0.333333 2.66667 0.0 0.5 0.5 0.5 1.0 0.0 0.0 1.0 1.0 2.0 0.0588235 0.235294 0.705882 0.411765 1.88235 0.0 0.0 1.0 0.6 2.2 0.0 0.0 1.0 0.75 2.25 0.0 0.0 1.0 0.333333 2.0 0.0 0.0 1.0 0.5 2.0 0.0 0.0 1.0 1.0 3.0 0.0 1.0 0.0
0.380952 0.285714 0.333333 1.52381 1.33333 0.4 0.4 0.2 1.0 0.6 0.5 0.5 0.0 1.25 0.25 0.666667 0.333333 0.0 1.66667 0.333333 0.5 0.5 0.0 1.0 0.5 1.0 0.0 0.0 1.0 0.0 0.52381 0.285714 0.190476 1.66667 1.04762 0.4 0.4 0.2 2.0 1.0 0.25 0.5 0.25 2.0 1.25 0.333333 0.333333 0.333333 2.0 1.0 0.5 0.5 0.0 3.0 1.0 0.0 1.0 0.0 2.0 2.0 0.0 1.0 0.0
0.333333 0.333333 0.333333 1.33333 1.2 0.4 0.2 0.4 1.2 1.0 0.5 0.0 0.5 1.25 1.0 0.333333 0.0 0.666667 1.0 1.33333 0.5 0.0 0.5 1.0 1.0 0.0 0.0 1.0 0.0 1.0 0.333333 0.333333 0.333333 1.06667 1.23333 0.6 0.2 0.2 1.4 1.0 0.75 0.25 0.0 1.5 0.5 0.666667 0.333333 0.0 1.33333 0.333333 0.5 0.5 0.0 1.5 0.5 1.0 0.0 0.0 3.0 1.0 1.0 0.0 0.0
0.257143 0.314286 0.428571 1.0 1.37143 0.0 0.2 0.8 0.6 1.8 0.0 0.25 0.75 0.5 1.25 0.0 0.333333 0.666667 0.333333 1.0 0.0 0.0 1.0 0.5 1.5 0.0 0.0 1.0 1.0 2.0 0.428571 0.2 0.371429 1.45714 1.42857 0.6 0.0 0.4 1.2 1.8 0.5 0.0 0.5 1.25 2.25 0.666667 0.0 0.333333 1.66667 2.0 0.5 0.0 0.5 1.5 2.5 0.0 0.0 1.0 1.0 4.0 1.0 0.0 0.0
0.111111 0.444444 0.444444 1.55556 2.22222 0.0 0.2 0.8 1.4 3.0 0.0 0.25 0.75 1.75 3.25 0.0 0.333333 0.666667 2.0 2.66667 0.0 0.5 0.5 2.5 3.0 0.0 1.0 0.0 1.0 1.0 0.333333 0.222222 0.444444 1.11111 1.55556 0.2 0.0 0.8 1.0 2.2 0.0 0.0 1.0 0.75 2.75 0.0 0.0 1.0 1.0 3.33333 0.0 0.0 1.0 1.0 4.0 0.0 0.0 1.0 0.0 5.0 1.0 0.0 0.0
0.3 0.233333 0.466667 1.33333 1.7 0.2 0.0 0.8 1.0 2.4 0.25 0.0 0.75 1.25 2.5 0.333333 0.0 0.666667 1.0 1.66667 0.5 0.0 0.5 1.5 1.5 0.0 0.0 1.0 1.0 2.0 0.4 0.233333 0.366667 1.3 1.4 0.2 0.2 0.6 2.0 2.4 0.0 0.25 0.75 1.25 2.25 0.0 0.333333 0.666667 1.0 2.0 0.0 0.0 1.0 1.0 2.5 0.0 0.0 1.0 1.0 2.0 0.0 0.0 1.0
0.333333 0.111111 0.555556 1.11111 1.55556 0.2 0.2 0.6 1.0 1.4 0.25 0.25 0.5 1.0 1.25 0.0 0.333333 0.666667 0.666667 1.66667 0.0 0.5 0.5 1.0 1.5 0.0 1.0 0.0 2.0 2.0 0.111111 0.333333 0.555556 1.22222 1.66667 0.2 0.4 0.4 0.8 1.0 0.25 0.5 0.25 1.0 1.0 0.333333 0.666667 0.0 1.33333 1.0 0.5 0.5 0.0 1.5 1.0 0.0 1.0 0.0 0.0 0.0 0.0 0.0 1.0
0.125 0.375 0.5 1.0625 1.625 0.0 0.6 0.4 1.0 1.6 0.0 0.75 0.25 1.0 1.5 0.0 1.0 0.0 1.33333 1.33333 0.0 1.0 0.0 2.0 2.0 0.0 1.0 0.0 2.0 2.0 0.125 0.375 0.5 1.3125 2.3125 0.0 0.4 0.6 0.6 2.4 0.0 0.5 0.5 0.75 2.5 0.0 0.333333 0.666667 0.666667 3.0 0.0 0.5 0.5 0.0 3.0 0.0 1.0 0.0 0.0 0.0 1.0 0.0 0.0
0.421053 0.105263 0.473684 1.36842 1.63158 0.4 0.0 0.6 1.2 1.6 0.5 0.0 0.5 1.25 1.25 0.666667 0.0 0.333333 1.66667 1.33333 0.5 0.0 0.5 2.0 2.0 0.0 0.0 1.0 1.0 2.0 0.210526 0.157895 0.631579 1.0 1.57895 0.0 0.2 0.8 0.6 1.4 0.0 0.0 1.0 0.5 1.5 0.0 0.0 1.0 0.333333 1.33333 0.0 0.0 1.0 0.0 1.0 0.0 0.0 1.0 0.0 1.0 1.0 0.0 0.0
0.611111 0.111111 0.277778 2.11111 1.44444 0.6 0.0 0.4 1.6 1.2 0.75 0.0 0.25 1.25 0.5 1.0 0.0 0.0 1.66667 0.0 1.0 0.0 0.0 2.0 0.0 1.0 0.0 0.0 3.0 0.0 0.111111 0.388889 0.5 1.05556 1.44444 0.2 0.4 0.4 2.2 2.0 0.25 0.25 0.5 2.0 1.75 0.333333 0.333333 0.333333 2.66667 2.0 0.0 0.5 0.5 1.5 2.0 0.0 0.0 1.0 2.0 3.0 1.0 0.0 0.0
0.242424 0.363636 0.393939 1.09091 1.45455 0.2 0.4 0.4 1.8 2.0 0.25 0.5 0.25 1.5 1.5 0.333333 0.666667 0.0 2.0 1.33333 0.5 0.5 0.0 2.5 1.5 0.0 1.0 0.0 2.0 2.0 0.424242 0.212121 0.363636 1.45455 1.36364 0.8 0.0 0.2 1.6 0.8 0.75 0.0 0.25 1.25 1.0 0.666667 0.0 0.333333 1.0 1.33333 0.5 0.0 0.5 1.0 2.0 1.0 0.0 0.0 2.0 1.0 0.0 0.0 1.0
